4 0.363281 0.050781 0.039062 0.031250
4 0.484375 0.163086 0.042969 0.056641
4 0.897461 0.220703 0.037109 0.035156
4 0.783203 0.244141 0.058594 0.027344
4 0.545898 0.239258 0.044922 0.048828
4 0.630859 0.278320 0.019531 0.044922
4 0.475586 0.332031 0.048828 0.070312
4 0.637695 0.381836 0.068359 0.099609
4 0.711914 0.408203 0.025391 0.042969
4 0.752930 0.446289 0.021484 0.033203
4 0.797852 0.423828 0.044922 0.113281
4 0.713867 0.533203 0.041016 0.046875
4 0.752930 0.613281 0.029297 0.050781
4 0.705078 0.794922 0.074219 0.062500
4 0.543945 0.704102 0.060547 0.068359
4 0.488281 0.561523 0.042969 0.060547
4 0.553711 0.472656 0.041016 0.042969
4 0.602539 0.513672 0.017578 0.027344
4 0.432617 0.598633 0.037109 0.044922
