4 0.241211 0.074219 0.072266 0.070312
4 0.268555 0.034180 0.037109 0.029297
4 0.328125 0.138672 0.023438 0.027344
4 0.282227 0.287109 0.025391 0.011719
4 0.241211 0.313477 0.044922 0.029297
4 0.458984 0.582031 0.031250 0.042969
4 0.304688 0.529297 0.054688 0.046875
4 0.486328 0.530273 0.027344 0.029297
4 0.727539 0.493164 0.033203 0.029297
4 0.668945 0.751953 0.029297 0.031250
4 0.356445 0.625000 0.025391 0.027344
4 0.422852 0.656250 0.052734 0.039062
4 0.548828 0.787109 0.011719 0.023438
4 0.611328 0.819336 0.023438 0.025391
