4 0.506836 0.155273 0.048828 0.056641
4 0.105469 0.213867 0.046875 0.044922
4 0.635742 0.050781 0.064453 0.042969
4 0.366211 0.274414 0.037109 0.041016
4 0.474609 0.251953 0.066406 0.062500
4 0.538086 0.342773 0.041016 0.060547
4 0.357422 0.384766 0.062500 0.070312
4 0.237305 0.261719 0.068359 0.035156
4 0.302734 0.396484 0.035156 0.042969
4 0.263672 0.452148 0.023438 0.033203
4 0.207031 0.427734 0.062500 0.082031
4 0.098633 0.507812 0.052734 0.074219
4 0.259766 0.559570 0.062500 0.087891
4 0.504883 0.530273 0.154297 0.162109
4 0.460938 0.715820 0.078125 0.072266
4 0.304688 0.807617 0.054688 0.044922
