4 0.488281 0.333984 0.062500 0.070312
4 0.498047 0.157227 0.054688 0.048828
4 0.896484 0.215820 0.050781 0.060547
4 0.822266 0.108398 0.066406 0.037109
4 0.376953 0.050781 0.058594 0.035156
4 0.550781 0.249023 0.050781 0.052734
4 0.651367 0.291016 0.052734 0.046875
4 0.780273 0.253906 0.060547 0.046875
4 0.790039 0.436523 0.076172 0.126953
4 0.667969 0.378906 0.117188 0.085938
4 0.546875 0.465820 0.031250 0.029297
4 0.485352 0.556641 0.033203 0.062500
4 0.433594 0.593750 0.046875 0.023438
4 0.530273 0.715820 0.033203 0.083984
4 0.702148 0.788086 0.080078 0.068359
4 0.738281 0.551758 0.066406 0.103516
4 0.930664 0.499023 0.041016 0.052734
4 0.919922 0.613281 0.035156 0.046875
