4 0.482422 0.154297 0.054688 0.062500
4 0.368164 0.041992 0.048828 0.044922
4 0.912109 0.202148 0.054688 0.056641
4 0.781250 0.262695 0.042969 0.037109
4 0.542969 0.249023 0.082031 0.052734
4 0.657227 0.298828 0.052734 0.062500
4 0.653320 0.403320 0.060547 0.103516
4 0.721680 0.426758 0.033203 0.056641
4 0.768555 0.457031 0.037109 0.035156
4 0.814453 0.430664 0.050781 0.076172
4 0.471680 0.341797 0.072266 0.070312
4 0.547852 0.471680 0.056641 0.044922
4 0.491211 0.560547 0.052734 0.046875
4 0.428711 0.603516 0.068359 0.062500
4 0.541016 0.719727 0.046875 0.095703
4 0.694336 0.792969 0.037109 0.050781
4 0.736328 0.552734 0.093750 0.105469
4 0.924805 0.500000 0.044922 0.058594
