4 0.495117 0.158203 0.068359 0.050781
4 0.379883 0.053711 0.072266 0.037109
4 0.399414 0.291016 0.048828 0.031250
4 0.471680 0.330078 0.033203 0.042969
4 0.538086 0.257812 0.064453 0.070312
4 0.645508 0.395508 0.060547 0.080078
4 0.650391 0.289062 0.035156 0.046875
4 0.778320 0.252930 0.052734 0.052734
4 0.903320 0.213867 0.041016 0.041016
4 0.808594 0.421875 0.058594 0.105469
4 0.729492 0.428711 0.052734 0.068359
4 0.729492 0.562500 0.083984 0.105469
4 0.534180 0.473633 0.056641 0.029297
4 0.473633 0.576172 0.083984 0.031250
4 0.540039 0.716797 0.064453 0.082031
4 0.698242 0.801758 0.060547 0.056641
4 0.927734 0.506836 0.046875 0.068359
