2 0.376953 0.048828 0.039062 0.027344
2 0.488281 0.160156 0.054688 0.078125
2 0.833008 0.107422 0.068359 0.027344
2 0.903320 0.208008 0.029297 0.041016
2 0.793945 0.263672 0.072266 0.054688
2 0.535156 0.225586 0.054688 0.029297
2 0.638672 0.274414 0.042969 0.033203
2 0.648438 0.375977 0.031250 0.064453
2 0.477539 0.344727 0.041016 0.064453
2 0.550781 0.473633 0.039062 0.041016
2 0.494141 0.578125 0.046875 0.039062
2 0.451172 0.594727 0.031250 0.033203
2 0.536133 0.708984 0.037109 0.058594
2 0.689453 0.789062 0.046875 0.035156
2 0.696289 0.516602 0.017578 0.017578
4 0.710938 0.568359 0.007812 0.023438
4 0.755859 0.560547 0.027344 0.031250
4 0.750977 0.589844 0.005859 0.023438
4 0.785156 0.424805 0.039062 0.080078
4 0.742188 0.450195 0.035156 0.037109
4 0.698242 0.401367 0.021484 0.025391
4 0.916992 0.494141 0.025391 0.042969
4 0.046875 0.658203 0.027344 0.023438
4 0.092773 0.824219 0.013672 0.019531
