4 0.304688 0.213867 0.046875 0.056641
4 0.462891 0.279297 0.035156 0.066406
4 0.518555 0.437500 0.041016 0.066406
4 0.569336 0.423828 0.025391 0.039062
4 0.275391 0.451172 0.093750 0.082031
4 0.215820 0.570312 0.052734 0.074219
4 0.365234 0.625000 0.027344 0.050781
4 0.459961 0.544922 0.025391 0.050781
4 0.548828 0.676758 0.046875 0.056641
4 0.609375 0.724609 0.011719 0.019531
4 0.459961 0.759766 0.037109 0.027344
4 0.361328 0.725586 0.023438 0.021484
4 0.241211 0.765625 0.080078 0.054688
4 0.514648 0.855469 0.048828 0.054688
4 0.651367 0.961914 0.064453 0.048828
4 0.109375 0.794922 0.054688 0.046875
4 0.076172 0.508789 0.050781 0.080078
4 0.089844 0.395508 0.019531 0.029297
4 0.899414 0.183594 0.013672 0.015625
4 0.957031 0.349609 0.015625 0.015625
