4 0.369141 0.042969 0.039062 0.019531
4 0.480469 0.154297 0.054688 0.062500
4 0.815430 0.112305 0.064453 0.025391
4 0.903320 0.220703 0.041016 0.058594
4 0.776367 0.257812 0.048828 0.050781
4 0.533203 0.241211 0.050781 0.037109
4 0.627930 0.274414 0.037109 0.041016
4 0.644531 0.368164 0.062500 0.056641
4 0.733398 0.547852 0.056641 0.076172
4 0.542969 0.475586 0.023438 0.017578
4 0.479492 0.565430 0.021484 0.033203
4 0.424805 0.592773 0.029297 0.041016
4 0.533203 0.710938 0.011719 0.046875
4 0.697266 0.789062 0.046875 0.035156
4 0.473633 0.339844 0.033203 0.058594
4 0.920898 0.499023 0.033203 0.044922
4 0.703125 0.405273 0.039062 0.033203
4 0.754883 0.450195 0.029297 0.033203
4 0.794922 0.433594 0.015625 0.093750
