3 0.355469 0.258789 0.089844 0.158203
3 0.389648 0.129883 0.037109 0.037109
3 0.475586 0.163086 0.021484 0.044922
3 0.514648 0.244141 0.041016 0.039062
3 0.487305 0.298828 0.037109 0.070312
3 0.437500 0.246094 0.027344 0.050781
3 0.571289 0.258789 0.029297 0.037109
3 0.614258 0.279297 0.037109 0.042969
3 0.567383 0.290039 0.021484 0.025391
3 0.565430 0.333984 0.021484 0.031250
3 0.548828 0.398438 0.210938 0.105469
3 0.713867 0.435547 0.060547 0.035156
3 0.244141 0.326172 0.027344 0.023438
3 0.261719 0.368164 0.027344 0.021484
3 0.317383 0.403320 0.033203 0.029297
3 0.322266 0.442383 0.027344 0.029297
3 0.347656 0.523438 0.019531 0.023438
3 0.457031 0.533203 0.042969 0.046875
3 0.549805 0.555664 0.013672 0.017578
3 0.583008 0.552734 0.025391 0.054688
3 0.632812 0.528320 0.019531 0.033203
3 0.289062 0.245117 0.023438 0.083984
3 0.245117 0.431641 0.021484 0.023438
3 0.277344 0.464844 0.027344 0.031250
3 0.812500 0.423828 0.015625 0.039062
3 0.692383 0.495117 0.029297 0.025391
3 0.748047 0.485352 0.023438 0.013672
3 0.684570 0.160156 0.021484 0.046875
3 0.732422 0.179688 0.019531 0.031250
3 0.747070 0.265625 0.025391 0.027344
3 0.767578 0.315430 0.105469 0.072266
