3 0.363281 0.257812 0.093750 0.171875
3 0.558594 0.391602 0.179688 0.134766
3 0.712891 0.429688 0.046875 0.062500
3 0.517578 0.250000 0.035156 0.035156
3 0.577148 0.257812 0.025391 0.042969
3 0.615234 0.271484 0.027344 0.039062
3 0.571289 0.298828 0.017578 0.015625
3 0.484375 0.282227 0.031250 0.037109
3 0.475586 0.165039 0.033203 0.052734
3 0.390625 0.139648 0.042969 0.056641
3 0.286133 0.231445 0.021484 0.025391
3 0.278320 0.280273 0.044922 0.037109
3 0.247070 0.332031 0.033203 0.031250
3 0.274414 0.375977 0.033203 0.029297
3 0.320312 0.403320 0.023438 0.025391
3 0.321289 0.458984 0.025391 0.046875
3 0.470703 0.539062 0.019531 0.031250
3 0.586914 0.550781 0.033203 0.011719
3 0.630859 0.525391 0.035156 0.039062
