3 0.449219 0.408203 0.210938 0.105469
3 0.638672 0.267578 0.097656 0.132812
3 0.611328 0.132812 0.007812 0.027344
3 0.687500 0.441406 0.039062 0.078125
3 0.723633 0.453125 0.017578 0.039062
3 0.786133 0.310547 0.048828 0.058594
3 0.375977 0.279297 0.029297 0.027344
3 0.427734 0.254883 0.027344 0.041016
3 0.511719 0.285156 0.054688 0.050781
3 0.561523 0.242188 0.025391 0.031250
3 0.531250 0.164062 0.039062 0.050781
3 0.282227 0.433594 0.064453 0.058594
3 0.415039 0.551758 0.048828 0.033203
3 0.549805 0.531250 0.080078 0.039062
3 0.653320 0.520508 0.029297 0.048828
3 0.739258 0.250977 0.056641 0.080078
