3 0.398438 0.440430 0.128906 0.181641
3 0.273438 0.645508 0.136719 0.091797
3 0.283203 0.400391 0.062500 0.101562
3 0.275391 0.494141 0.093750 0.089844
3 0.165039 0.528320 0.041016 0.037109
3 0.239258 0.571289 0.037109 0.041016
3 0.163086 0.618164 0.072266 0.060547
3 0.449219 0.685547 0.082031 0.031250
3 0.431641 0.278320 0.054688 0.080078
3 0.537109 0.413086 0.050781 0.060547
3 0.532227 0.540039 0.048828 0.048828
3 0.515625 0.630859 0.027344 0.039062
3 0.357422 0.759766 0.140625 0.050781
3 0.337891 0.321289 0.035156 0.041016
