3 0.298828 0.648438 0.117188 0.152344
3 0.372070 0.535156 0.029297 0.042969
3 0.437500 0.543945 0.050781 0.087891
3 0.473633 0.453125 0.041016 0.062500
3 0.588867 0.425781 0.107422 0.164062
3 0.528320 0.588867 0.103516 0.107422
3 0.403320 0.713867 0.033203 0.029297
3 0.456055 0.723633 0.017578 0.025391
3 0.447266 0.767578 0.015625 0.015625
3 0.651367 0.841797 0.119141 0.109375
3 0.637695 0.610352 0.091797 0.166016
3 0.764648 0.586914 0.103516 0.091797
3 0.784180 0.510742 0.091797 0.142578
3 0.852539 0.646484 0.060547 0.113281
