3 0.375000 0.308594 0.078125 0.082031
3 0.396484 0.211914 0.074219 0.083984
3 0.483398 0.175781 0.076172 0.074219
3 0.608398 0.226562 0.068359 0.078125
3 0.542969 0.257812 0.054688 0.046875
3 0.524414 0.295898 0.041016 0.060547
3 0.653320 0.299805 0.138672 0.083984
3 0.802734 0.333984 0.058594 0.070312
3 0.822266 0.404297 0.062500 0.046875
3 0.792969 0.437500 0.082031 0.042969
3 0.739258 0.394531 0.080078 0.042969
3 0.525391 0.451172 0.035156 0.039062
3 0.515625 0.511719 0.046875 0.054688
3 0.388672 0.441406 0.035156 0.039062
3 0.438477 0.486328 0.052734 0.062500
3 0.509766 0.579102 0.046875 0.029297
3 0.195312 0.468750 0.050781 0.082031
3 0.151367 0.360352 0.048828 0.052734
