3 0.693359 0.362305 0.078125 0.087891
3 0.655273 0.416992 0.076172 0.052734
3 0.565430 0.389648 0.087891 0.048828
3 0.549805 0.179688 0.080078 0.066406
3 0.647461 0.161133 0.064453 0.107422
3 0.800781 0.391602 0.082031 0.060547
3 0.819336 0.489258 0.091797 0.076172
3 0.721680 0.518555 0.099609 0.041016
3 0.734375 0.548828 0.035156 0.046875
3 0.783203 0.598633 0.058594 0.056641
3 0.690430 0.656250 0.083984 0.125000
3 0.547852 0.520508 0.044922 0.052734
3 0.496094 0.531250 0.046875 0.089844
3 0.422852 0.512695 0.044922 0.052734
3 0.602539 0.725586 0.056641 0.037109
3 0.575195 0.803711 0.119141 0.099609
3 0.685547 0.790039 0.027344 0.033203
