3 0.389648 0.560547 0.056641 0.078125
3 0.440430 0.516602 0.029297 0.080078
3 0.509766 0.486328 0.027344 0.054688
3 0.512695 0.426758 0.029297 0.052734
3 0.516602 0.540039 0.025391 0.037109
3 0.520508 0.710938 0.033203 0.074219
3 0.538086 0.729492 0.017578 0.033203
3 0.593750 0.773438 0.031250 0.054688
3 0.663086 0.683594 0.142578 0.074219
3 0.786133 0.563477 0.056641 0.060547
3 0.828125 0.600586 0.035156 0.044922
3 0.712891 0.592773 0.027344 0.044922
3 0.768555 0.605469 0.052734 0.058594
3 0.783203 0.679688 0.039062 0.039062
3 0.830078 0.679688 0.019531 0.027344
3 0.184570 0.541016 0.103516 0.101562
3 0.153320 0.625000 0.080078 0.066406
3 0.050781 0.662109 0.058594 0.039062
3 0.133789 0.698242 0.033203 0.037109
3 0.194336 0.729492 0.029297 0.044922
3 0.358398 0.687500 0.056641 0.078125
3 0.417969 0.644531 0.046875 0.054688
3 0.454102 0.636719 0.029297 0.046875
3 0.402344 0.757812 0.031250 0.035156
3 0.384766 0.810547 0.054688 0.046875
3 0.491211 0.822266 0.076172 0.078125
3 0.663086 0.794922 0.037109 0.039062
3 0.675781 0.742188 0.039062 0.023438
3 0.789062 0.743164 0.062500 0.033203
3 0.495117 0.374023 0.103516 0.048828
