3 0.314453 0.327148 0.070312 0.134766
3 0.375000 0.279297 0.085938 0.078125
3 0.560547 0.307617 0.105469 0.064453
3 0.713867 0.333008 0.111328 0.076172
3 0.736328 0.444336 0.089844 0.119141
3 0.587891 0.423828 0.167969 0.140625
3 0.725586 0.539062 0.072266 0.070312
3 0.850586 0.590820 0.103516 0.091797
3 0.775391 0.673828 0.148438 0.125000
3 0.576172 0.567383 0.113281 0.060547
3 0.473633 0.651367 0.107422 0.193359
3 0.341797 0.686523 0.058594 0.126953
3 0.323242 0.583008 0.033203 0.064453
3 0.262695 0.509766 0.080078 0.125000
3 0.212891 0.649414 0.046875 0.087891
3 0.234375 0.711914 0.019531 0.033203
