3 0.405273 0.233398 0.052734 0.072266
3 0.513672 0.181641 0.082031 0.093750
3 0.457031 0.256836 0.039062 0.044922
3 0.487305 0.296875 0.033203 0.042969
3 0.589844 0.230469 0.027344 0.058594
3 0.617188 0.193359 0.039062 0.054688
3 0.642578 0.312500 0.058594 0.085938
3 0.587891 0.360352 0.027344 0.052734
3 0.553711 0.367188 0.029297 0.058594
3 0.599609 0.441406 0.031250 0.050781
3 0.564453 0.470703 0.027344 0.062500
3 0.479492 0.458008 0.025391 0.056641
3 0.471680 0.508789 0.033203 0.044922
3 0.485352 0.575195 0.021484 0.029297
3 0.814453 0.448242 0.046875 0.087891
3 0.846680 0.364258 0.044922 0.041016
3 0.893555 0.341797 0.029297 0.054688
3 0.954102 0.332031 0.033203 0.050781
3 0.853516 0.281250 0.074219 0.042969
3 0.796875 0.263672 0.035156 0.039062
3 0.339844 0.215820 0.070312 0.052734
3 0.319336 0.261719 0.029297 0.035156
3 0.344727 0.307617 0.115234 0.060547
3 0.274414 0.324219 0.037109 0.035156
3 0.207031 0.314453 0.035156 0.050781
3 0.175781 0.367188 0.039062 0.050781
3 0.234375 0.394531 0.042969 0.050781
3 0.282227 0.412109 0.037109 0.066406
3 0.218750 0.443359 0.062500 0.066406
3 0.303711 0.509766 0.056641 0.050781
3 0.677734 0.401367 0.042969 0.041016
3 0.699219 0.620117 0.015625 0.033203
