3 0.482422 0.373047 0.031250 0.019531
3 0.493164 0.423828 0.072266 0.050781
3 0.487305 0.483398 0.076172 0.044922
3 0.491211 0.540039 0.068359 0.037109
3 0.562500 0.510742 0.039062 0.056641
3 0.604492 0.542969 0.029297 0.062500
3 0.815430 0.531250 0.048828 0.062500
3 0.588867 0.636719 0.060547 0.066406
3 0.552734 0.633789 0.046875 0.041016
3 0.645508 0.688477 0.068359 0.076172
3 0.483398 0.701172 0.048828 0.050781
3 0.455078 0.733398 0.046875 0.033203
3 0.519531 0.745117 0.039062 0.033203
3 0.513672 0.826172 0.082031 0.082031
3 0.585938 0.762695 0.023438 0.033203
3 0.609375 0.811523 0.050781 0.060547
3 0.802734 0.729492 0.023438 0.037109
3 0.691406 0.798828 0.023438 0.023438
3 0.865234 0.705078 0.046875 0.042969
3 0.845703 0.630859 0.062500 0.054688
3 0.950195 0.661133 0.033203 0.048828
3 0.342773 0.696289 0.130859 0.068359
3 0.394531 0.779297 0.101562 0.058594
3 0.171875 0.604492 0.050781 0.068359
3 0.223633 0.564453 0.064453 0.062500
3 0.211914 0.679688 0.056641 0.039062
