3 0.319336 0.358398 0.087891 0.126953
3 0.318359 0.206055 0.035156 0.052734
3 0.379883 0.183594 0.033203 0.054688
3 0.411133 0.178711 0.048828 0.037109
3 0.443359 0.223633 0.050781 0.044922
3 0.411133 0.275391 0.064453 0.089844
3 0.450195 0.475586 0.029297 0.052734
3 0.479492 0.444336 0.029297 0.029297
3 0.524414 0.488281 0.060547 0.023438
3 0.568359 0.484375 0.019531 0.027344
3 0.364258 0.550781 0.068359 0.035156
3 0.378906 0.585938 0.078125 0.027344
3 0.483398 0.565430 0.060547 0.041016
3 0.446289 0.605469 0.060547 0.039062
3 0.326172 0.632812 0.085938 0.058594
3 0.184570 0.514648 0.076172 0.087891
3 0.234375 0.405273 0.074219 0.056641
3 0.209961 0.333008 0.044922 0.056641
3 0.320312 0.270508 0.054688 0.033203
3 0.288086 0.470703 0.087891 0.078125
3 0.224609 0.584961 0.046875 0.037109
3 0.197266 0.610352 0.062500 0.044922
3 0.274414 0.803711 0.037109 0.033203
3 0.295898 0.858398 0.025391 0.033203
3 0.374023 0.846680 0.025391 0.072266
3 0.456055 0.810547 0.064453 0.062500
3 0.334961 0.938477 0.029297 0.033203
3 0.367188 0.893555 0.058594 0.052734
