3 0.290039 0.269531 0.048828 0.046875
3 0.291992 0.372070 0.064453 0.025391
3 0.404297 0.333984 0.050781 0.054688
3 0.271484 0.487305 0.050781 0.048828
3 0.339844 0.447266 0.050781 0.019531
3 0.375977 0.496094 0.044922 0.027344
3 0.362305 0.541992 0.044922 0.025391
3 0.459961 0.557617 0.060547 0.033203
3 0.375977 0.699219 0.044922 0.031250
3 0.557617 0.759766 0.037109 0.039062
3 0.527344 0.816406 0.066406 0.062500
3 0.520508 0.443359 0.103516 0.066406
3 0.526367 0.514648 0.072266 0.044922
3 0.509766 0.393555 0.039062 0.021484
3 0.536133 0.300781 0.166016 0.121094
3 0.500977 0.198242 0.076172 0.033203
3 0.438477 0.103516 0.033203 0.039062
3 0.495117 0.080078 0.060547 0.031250
3 0.542969 0.113281 0.027344 0.019531
3 0.611328 0.072266 0.035156 0.023438
3 0.636719 0.207031 0.023438 0.039062
3 0.717773 0.278320 0.025391 0.064453
3 0.642578 0.340820 0.027344 0.033203
3 0.666016 0.370117 0.027344 0.021484
3 0.691406 0.413086 0.031250 0.037109
3 0.688477 0.492188 0.041016 0.085938
3 0.742188 0.554688 0.035156 0.062500
3 0.705078 0.609375 0.031250 0.035156
3 0.703125 0.716797 0.128906 0.183594
3 0.734375 0.846680 0.054688 0.037109
3 0.712891 0.923828 0.152344 0.089844
3 0.780273 0.212891 0.076172 0.203125
3 0.606445 0.666016 0.037109 0.042969
