3 0.424805 0.364258 0.072266 0.083984
3 0.494141 0.416992 0.046875 0.091797
3 0.538086 0.428711 0.033203 0.048828
3 0.485352 0.262695 0.060547 0.083984
3 0.575195 0.245117 0.080078 0.087891
3 0.688477 0.299805 0.064453 0.076172
3 0.626953 0.335938 0.039062 0.039062
3 0.602539 0.374023 0.052734 0.072266
3 0.726562 0.397461 0.089844 0.087891
3 0.595703 0.521484 0.031250 0.031250
3 0.589844 0.580078 0.074219 0.062500
3 0.484375 0.526367 0.093750 0.087891
3 0.246094 0.510742 0.058594 0.068359
3 0.586914 0.654297 0.025391 0.031250
3 0.836914 0.521484 0.033203 0.046875
3 0.878906 0.483398 0.035156 0.044922
3 0.854492 0.404297 0.025391 0.054688
3 0.783203 0.482422 0.027344 0.050781
