3 0.309570 0.381836 0.044922 0.041016
3 0.182617 0.526367 0.052734 0.072266
3 0.234375 0.557617 0.027344 0.029297
3 0.334961 0.603516 0.013672 0.035156
3 0.440430 0.459961 0.029297 0.044922
3 0.458008 0.362305 0.029297 0.041016
3 0.499023 0.373047 0.021484 0.035156
3 0.513672 0.267578 0.042969 0.042969
3 0.632812 0.302734 0.035156 0.074219
3 0.729492 0.285156 0.060547 0.035156
3 0.549805 0.341797 0.021484 0.023438
3 0.669922 0.404297 0.046875 0.058594
3 0.793945 0.499023 0.033203 0.056641
3 0.880859 0.534180 0.023438 0.029297
3 0.895508 0.439453 0.029297 0.039062
3 0.916992 0.492188 0.025391 0.062500
3 0.548828 0.516602 0.066406 0.103516
3 0.490234 0.524414 0.039062 0.060547
3 0.568359 0.593750 0.023438 0.039062
3 0.604492 0.507812 0.021484 0.042969
3 0.705078 0.534180 0.128906 0.158203
3 0.791992 0.779297 0.177734 0.117188
3 0.623047 0.663086 0.035156 0.033203
3 0.659180 0.643555 0.037109 0.037109
3 0.597656 0.697266 0.050781 0.046875
3 0.543945 0.648438 0.052734 0.023438
3 0.511719 0.685547 0.089844 0.050781
3 0.296875 0.708008 0.214844 0.107422
3 0.070312 0.698242 0.101562 0.103516
3 0.448242 0.741211 0.052734 0.037109
3 0.584961 0.760742 0.048828 0.037109
3 0.129883 0.750000 0.087891 0.085938
