3 0.405273 0.421875 0.068359 0.078125
3 0.409180 0.356445 0.033203 0.052734
3 0.401367 0.474609 0.033203 0.046875
3 0.461914 0.556641 0.029297 0.050781
3 0.500000 0.568359 0.042969 0.101562
3 0.484375 0.460938 0.042969 0.070312
3 0.533203 0.496094 0.046875 0.085938
3 0.553711 0.632812 0.052734 0.105469
3 0.390625 0.634766 0.050781 0.050781
3 0.355469 0.659180 0.035156 0.033203
3 0.326172 0.696289 0.078125 0.056641
3 0.278320 0.616211 0.119141 0.076172
3 0.406250 0.750000 0.062500 0.062500
3 0.517578 0.742188 0.078125 0.089844
3 0.752930 0.498047 0.048828 0.082031
