3 0.495117 0.252930 0.068359 0.072266
3 0.590820 0.221680 0.048828 0.076172
3 0.632812 0.452148 0.093750 0.044922
3 0.738281 0.486328 0.097656 0.054688
3 0.747070 0.593750 0.091797 0.093750
3 0.641602 0.621094 0.076172 0.074219
3 0.691406 0.681641 0.050781 0.031250
3 0.610352 0.730469 0.083984 0.089844
3 0.416016 0.596680 0.074219 0.041016
3 0.478516 0.603516 0.058594 0.042969
3 0.459961 0.499023 0.060547 0.080078
3 0.493164 0.467773 0.060547 0.068359
3 0.356445 0.592773 0.048828 0.060547
3 0.589844 0.852539 0.031250 0.056641
