3 0.586914 0.357422 0.041016 0.035156
3 0.582031 0.405273 0.046875 0.068359
3 0.595703 0.472656 0.039062 0.046875
3 0.509766 0.468750 0.066406 0.085938
3 0.462891 0.493164 0.042969 0.060547
3 0.497070 0.567383 0.041016 0.064453
3 0.543945 0.579102 0.029297 0.044922
3 0.429688 0.626953 0.058594 0.078125
3 0.606445 0.639648 0.048828 0.048828
3 0.589844 0.754883 0.105469 0.083984
3 0.675781 0.700195 0.066406 0.068359
3 0.725586 0.601562 0.103516 0.085938
3 0.492188 0.742188 0.082031 0.105469
3 0.241211 0.483398 0.083984 0.068359
