3 0.334961 0.406250 0.056641 0.058594
3 0.369141 0.295898 0.027344 0.068359
3 0.443359 0.344727 0.031250 0.033203
3 0.500977 0.371094 0.017578 0.046875
3 0.538086 0.362305 0.033203 0.041016
3 0.562500 0.461914 0.042969 0.060547
3 0.440430 0.518555 0.068359 0.099609
3 0.508789 0.520508 0.048828 0.072266
3 0.306641 0.536133 0.128906 0.166016
3 0.204102 0.504883 0.037109 0.048828
3 0.272461 0.288086 0.048828 0.029297
3 0.485352 0.272461 0.048828 0.052734
3 0.699219 0.375000 0.050781 0.042969
3 0.812500 0.527344 0.062500 0.078125
3 0.758789 0.561523 0.033203 0.041016
3 0.708008 0.692383 0.185547 0.115234
3 0.429688 0.598633 0.046875 0.041016
3 0.463867 0.651367 0.041016 0.029297
3 0.490234 0.687500 0.078125 0.035156
3 0.564453 0.748047 0.078125 0.050781
3 0.348633 0.642578 0.029297 0.039062
3 0.372070 0.668945 0.033203 0.025391
3 0.415039 0.692383 0.037109 0.037109
3 0.285156 0.715820 0.078125 0.025391
3 0.212891 0.642578 0.046875 0.027344
3 0.112305 0.539062 0.021484 0.035156
3 0.082031 0.495117 0.023438 0.052734
3 0.100586 0.438477 0.033203 0.044922
3 0.928711 0.680664 0.087891 0.123047
3 0.206055 0.768555 0.181641 0.099609
3 0.584961 0.858398 0.525391 0.134766
