3 0.446289 0.376953 0.083984 0.109375
3 0.486328 0.420898 0.085938 0.068359
3 0.492188 0.266602 0.074219 0.087891
3 0.583984 0.239258 0.085938 0.064453
3 0.574219 0.322266 0.054688 0.058594
3 0.617188 0.332031 0.039062 0.035156
3 0.606445 0.363281 0.048828 0.046875
3 0.699219 0.296875 0.062500 0.074219
3 0.722656 0.389648 0.109375 0.091797
3 0.539062 0.432617 0.031250 0.041016
3 0.606445 0.530273 0.052734 0.044922
3 0.591797 0.587891 0.078125 0.054688
3 0.480469 0.530273 0.085938 0.091797
3 0.249023 0.508789 0.099609 0.087891
3 0.212891 0.405273 0.093750 0.068359
3 0.603516 0.676758 0.054688 0.083984
