3 0.146484 0.485352 0.039062 0.033203
3 0.103516 0.493164 0.019531 0.021484
3 0.241211 0.615234 0.037109 0.039062
3 0.290039 0.504883 0.048828 0.072266
3 0.329102 0.499023 0.033203 0.044922
3 0.381836 0.488281 0.025391 0.042969
3 0.097656 0.659180 0.097656 0.056641
3 0.143555 0.584961 0.044922 0.041016
3 0.255859 0.670898 0.027344 0.025391
3 0.324219 0.709961 0.019531 0.041016
3 0.374023 0.700195 0.033203 0.041016
3 0.419922 0.613281 0.050781 0.070312
3 0.554688 0.630859 0.035156 0.023438
3 0.603516 0.639648 0.023438 0.037109
3 0.572266 0.689453 0.023438 0.027344
3 0.422852 0.401367 0.037109 0.044922
3 0.423828 0.322266 0.066406 0.101562
3 0.508789 0.427734 0.083984 0.074219
3 0.647461 0.464844 0.056641 0.062500
3 0.745117 0.552734 0.041016 0.023438
3 0.744141 0.602539 0.089844 0.052734
3 0.836914 0.574219 0.064453 0.031250
3 0.892578 0.627930 0.074219 0.056641
3 0.817383 0.629883 0.048828 0.033203
3 0.946289 0.570312 0.087891 0.042969
3 0.956055 0.492188 0.052734 0.074219
3 0.833984 0.496094 0.109375 0.050781
3 0.891602 0.369141 0.107422 0.117188
3 0.724609 0.333984 0.035156 0.050781
3 0.812500 0.372070 0.027344 0.041016
3 0.734375 0.490234 0.070312 0.062500
