3 0.183594 0.528320 0.050781 0.064453
3 0.237305 0.555664 0.021484 0.041016
3 0.309570 0.378906 0.048828 0.042969
3 0.438477 0.459961 0.052734 0.048828
3 0.663086 0.407227 0.060547 0.052734
3 0.703125 0.541992 0.109375 0.162109
3 0.802734 0.499023 0.031250 0.041016
3 0.897461 0.438477 0.029297 0.029297
3 0.921875 0.494141 0.035156 0.058594
3 0.729492 0.285156 0.044922 0.035156
3 0.626953 0.293945 0.027344 0.068359
3 0.517578 0.272461 0.042969 0.044922
3 0.554688 0.342773 0.023438 0.029297
3 0.499023 0.376953 0.021484 0.039062
3 0.461914 0.365234 0.025391 0.031250
3 0.298828 0.698242 0.207031 0.083984
3 0.490234 0.519531 0.031250 0.050781
3 0.555664 0.520508 0.068359 0.083984
3 0.568359 0.599609 0.035156 0.039062
3 0.518555 0.687500 0.076172 0.039062
3 0.655273 0.644531 0.021484 0.027344
3 0.585938 0.691406 0.035156 0.042969
3 0.715820 0.717773 0.087891 0.017578
3 0.068359 0.688477 0.097656 0.095703
3 0.119141 0.766602 0.039062 0.033203
3 0.441406 0.748047 0.070312 0.058594
3 0.888672 0.540039 0.027344 0.025391
3 0.923828 0.606445 0.031250 0.033203
3 0.535156 0.644531 0.062500 0.042969
3 0.627930 0.666992 0.025391 0.029297
3 0.336914 0.607422 0.025391 0.027344
3 0.584961 0.757812 0.056641 0.042969
3 0.791992 0.775391 0.166016 0.093750
