3 0.545898 0.565430 0.025391 0.041016
3 0.591797 0.619141 0.050781 0.066406
3 0.674805 0.715820 0.013672 0.037109
3 0.759766 0.618164 0.039062 0.044922
3 0.843750 0.489258 0.039062 0.064453
3 0.708008 0.504883 0.044922 0.048828
3 0.667969 0.505859 0.039062 0.039062
3 0.624023 0.492188 0.033203 0.035156
3 0.065430 0.571289 0.064453 0.064453
3 0.115234 0.624023 0.070312 0.056641
3 0.156250 0.567383 0.074219 0.072266
3 0.245117 0.586914 0.080078 0.083984
3 0.188477 0.622070 0.041016 0.029297
3 0.252930 0.648438 0.033203 0.019531
3 0.429688 0.686523 0.019531 0.017578
3 0.173828 0.503906 0.082031 0.070312
3 0.142578 0.453125 0.050781 0.039062
3 0.274414 0.344727 0.052734 0.033203
3 0.469727 0.443359 0.033203 0.054688
3 0.509766 0.415039 0.050781 0.044922
3 0.581055 0.328125 0.068359 0.097656
3 0.054688 0.500000 0.050781 0.062500
3 0.188477 0.503906 0.099609 0.070312
3 0.891602 0.655273 0.080078 0.068359
3 0.360352 0.445312 0.041016 0.042969
3 0.500000 0.556641 0.019531 0.019531
