3 0.533203 0.214844 0.156250 0.179688
3 0.526367 0.419922 0.138672 0.199219
3 0.391602 0.475586 0.130859 0.123047
3 0.312500 0.362305 0.128906 0.189453
3 0.354492 0.254883 0.037109 0.029297
3 0.193359 0.404297 0.167969 0.273438
3 0.136719 0.661133 0.148438 0.232422
3 0.500977 0.681641 0.365234 0.292969
3 0.735352 0.627930 0.021484 0.017578
3 0.750000 0.667969 0.015625 0.019531
3 0.763672 0.728516 0.019531 0.031250
3 0.728516 0.789062 0.015625 0.023438
3 0.809570 0.658203 0.029297 0.031250
3 0.831055 0.598633 0.021484 0.025391
3 0.863281 0.431641 0.042969 0.042969
