3 0.243164 0.382812 0.044922 0.050781
3 0.291992 0.492188 0.052734 0.046875
3 0.333008 0.502930 0.037109 0.037109
3 0.413086 0.378906 0.068359 0.070312
3 0.323242 0.275391 0.021484 0.035156
3 0.152344 0.511719 0.035156 0.042969
3 0.117188 0.340820 0.097656 0.068359
3 0.826172 0.412109 0.050781 0.046875
3 0.879883 0.381836 0.064453 0.060547
3 0.945312 0.428711 0.085938 0.064453
3 0.833008 0.505859 0.083984 0.050781
3 0.959961 0.512695 0.052734 0.064453
3 0.884766 0.625000 0.074219 0.085938
3 0.722656 0.659180 0.042969 0.041016
3 0.711914 0.739258 0.064453 0.076172
3 0.428711 0.672852 0.064453 0.087891
3 0.657227 0.516602 0.025391 0.021484
3 0.742188 0.346680 0.039062 0.013672
3 0.569336 0.307617 0.037109 0.041016
3 0.506836 0.573242 0.091797 0.064453
3 0.382812 0.513672 0.023438 0.039062
3 0.632812 0.683594 0.035156 0.035156
3 0.753906 0.405273 0.070312 0.048828
3 0.452148 0.433594 0.029297 0.027344
3 0.498047 0.439453 0.015625 0.035156
