3 0.488281 0.322266 0.343750 0.289062
3 0.607422 0.529297 0.125000 0.125000
3 0.687500 0.631836 0.125000 0.158203
3 0.731445 0.729492 0.033203 0.037109
3 0.645508 0.746094 0.037109 0.031250
3 0.476562 0.582031 0.128906 0.203125
3 0.464844 0.784180 0.152344 0.173828
3 0.809570 0.610352 0.185547 0.287109
3 0.864258 0.341797 0.142578 0.230469
3 0.264648 0.370117 0.037109 0.017578
3 0.255859 0.323242 0.027344 0.021484
3 0.239258 0.271484 0.025391 0.027344
3 0.270508 0.207031 0.021484 0.031250
3 0.187500 0.338867 0.039062 0.041016
3 0.167969 0.401367 0.031250 0.025391
3 0.135742 0.563477 0.025391 0.029297
