3 0.488281 0.437500 0.097656 0.074219
3 0.583008 0.329102 0.083984 0.095703
3 0.610352 0.482422 0.033203 0.031250
3 0.659180 0.503906 0.025391 0.042969
3 0.708984 0.506836 0.058594 0.060547
3 0.846680 0.490234 0.029297 0.039062
3 0.890625 0.494141 0.039062 0.019531
3 0.753906 0.613281 0.046875 0.039062
3 0.543945 0.559570 0.025391 0.017578
3 0.590820 0.616211 0.052734 0.068359
3 0.679688 0.715820 0.031250 0.052734
3 0.904297 0.665039 0.101562 0.048828
3 0.840820 0.700195 0.044922 0.041016
3 0.428711 0.682617 0.048828 0.033203
3 0.167969 0.583008 0.089844 0.048828
3 0.243164 0.602539 0.052734 0.033203
3 0.065430 0.576172 0.083984 0.058594
3 0.111328 0.627930 0.074219 0.056641
3 0.185547 0.626953 0.046875 0.027344
3 0.286133 0.333984 0.033203 0.027344
3 0.165039 0.496094 0.056641 0.054688
3 0.052734 0.496094 0.046875 0.066406
3 0.495117 0.555664 0.033203 0.033203
3 0.344727 0.495117 0.029297 0.037109
