3 0.493164 0.327148 0.349609 0.283203
3 0.606445 0.531250 0.134766 0.117188
3 0.474609 0.582031 0.136719 0.187500
3 0.467773 0.785156 0.150391 0.175781
3 0.690430 0.627930 0.115234 0.150391
3 0.729492 0.728516 0.033203 0.035156
3 0.648438 0.750977 0.027344 0.048828
3 0.757812 0.776367 0.046875 0.044922
3 0.818359 0.599609 0.179688 0.269531
3 0.846680 0.337891 0.130859 0.218750
3 0.266602 0.371094 0.029297 0.023438
3 0.250977 0.325195 0.021484 0.029297
3 0.238281 0.270508 0.035156 0.037109
3 0.272461 0.207031 0.013672 0.019531
3 0.192383 0.337891 0.025391 0.023438
3 0.172852 0.409180 0.033203 0.048828
3 0.143555 0.558594 0.033203 0.035156
