3 0.491211 0.317383 0.353516 0.275391
3 0.475586 0.591797 0.138672 0.199219
3 0.608398 0.526367 0.138672 0.134766
3 0.690430 0.646484 0.123047 0.195312
3 0.810547 0.613281 0.160156 0.289062
3 0.856445 0.339844 0.130859 0.230469
3 0.463867 0.781250 0.146484 0.179688
3 0.261719 0.372070 0.023438 0.021484
3 0.250000 0.328125 0.023438 0.023438
3 0.129883 0.557617 0.025391 0.037109
3 0.191406 0.338867 0.039062 0.029297
3 0.239258 0.274414 0.029297 0.033203
3 0.267578 0.210938 0.019531 0.023438
3 0.169922 0.401367 0.027344 0.037109
