3 0.573242 0.612305 0.095703 0.126953
3 0.437500 0.615234 0.039062 0.054688
3 0.391602 0.639648 0.037109 0.037109
3 0.427734 0.686523 0.031250 0.021484
3 0.155273 0.565430 0.103516 0.064453
3 0.062500 0.596680 0.074219 0.068359
3 0.261719 0.586914 0.097656 0.099609
3 0.183594 0.630859 0.054688 0.042969
3 0.496094 0.760742 0.039062 0.037109
3 0.539062 0.688477 0.027344 0.029297
3 0.618164 0.684570 0.033203 0.029297
3 0.677734 0.719727 0.031250 0.048828
3 0.737305 0.667969 0.029297 0.035156
3 0.739258 0.760742 0.025391 0.025391
3 0.755859 0.614258 0.035156 0.056641
3 0.780273 0.573242 0.041016 0.041016
3 0.870117 0.599609 0.076172 0.078125
3 0.911133 0.666992 0.099609 0.048828
3 0.820312 0.652344 0.058594 0.031250
3 0.838867 0.699219 0.033203 0.035156
3 0.850586 0.489258 0.048828 0.037109
3 0.886719 0.491211 0.042969 0.025391
3 0.691406 0.509766 0.082031 0.054688
3 0.696289 0.425781 0.041016 0.066406
3 0.641602 0.397461 0.025391 0.033203
3 0.618164 0.483398 0.021484 0.041016
3 0.587891 0.492188 0.011719 0.035156
3 0.500000 0.425781 0.093750 0.074219
3 0.486328 0.506836 0.082031 0.037109
3 0.351562 0.473633 0.050781 0.033203
3 0.288086 0.334961 0.056641 0.048828
3 0.150391 0.441406 0.062500 0.042969
3 0.174805 0.500000 0.103516 0.042969
3 0.048828 0.495117 0.046875 0.064453
3 0.106445 0.401367 0.080078 0.041016
