3 0.212891 0.473633 0.171875 0.166016
3 0.413086 0.476562 0.181641 0.144531
3 0.469727 0.621094 0.134766 0.128906
3 0.361328 0.690430 0.171875 0.103516
3 0.251953 0.652344 0.035156 0.027344
3 0.262695 0.733398 0.044922 0.033203
3 0.402344 0.818359 0.250000 0.167969
3 0.660156 0.846680 0.242188 0.130859
3 0.685547 0.495117 0.304688 0.349609
3 0.675781 0.249023 0.031250 0.017578
3 0.728516 0.243164 0.031250 0.037109
3 0.627930 0.261719 0.025391 0.027344
3 0.602539 0.166992 0.041016 0.033203
3 0.659180 0.189453 0.033203 0.042969
3 0.433594 0.138672 0.058594 0.046875
