3 0.134766 0.340820 0.167969 0.220703
3 0.516602 0.320312 0.337891 0.296875
3 0.383789 0.525391 0.138672 0.128906
3 0.521484 0.582031 0.136719 0.179688
3 0.531250 0.781250 0.156250 0.179688
3 0.323242 0.628906 0.115234 0.152344
3 0.180664 0.616211 0.173828 0.306641
3 0.762695 0.270508 0.029297 0.025391
3 0.731445 0.204102 0.017578 0.017578
3 0.748047 0.324219 0.027344 0.027344
3 0.739258 0.372070 0.017578 0.017578
3 0.816406 0.342773 0.031250 0.037109
3 0.839844 0.402344 0.031250 0.031250
3 0.864258 0.560547 0.033203 0.046875
3 0.348633 0.747070 0.037109 0.033203
