3 0.496094 0.319336 0.359375 0.283203
3 0.467773 0.585938 0.138672 0.199219
3 0.466797 0.792969 0.148438 0.183594
3 0.609375 0.533203 0.140625 0.136719
3 0.692383 0.631836 0.130859 0.169922
3 0.645508 0.745117 0.033203 0.033203
3 0.733398 0.726562 0.033203 0.027344
3 0.751953 0.776367 0.042969 0.048828
3 0.814453 0.612305 0.179688 0.294922
3 0.863281 0.335938 0.160156 0.242188
3 0.250000 0.329102 0.019531 0.025391
3 0.262695 0.366211 0.021484 0.025391
3 0.241211 0.270508 0.029297 0.029297
3 0.194336 0.341797 0.037109 0.027344
3 0.166992 0.405273 0.029297 0.025391
3 0.134766 0.554688 0.027344 0.035156
3 0.271484 0.209961 0.019531 0.029297
