3 0.391602 0.642578 0.025391 0.046875
3 0.447266 0.637695 0.042969 0.025391
3 0.572266 0.612305 0.085938 0.142578
3 0.671875 0.711914 0.027344 0.052734
3 0.541992 0.684570 0.033203 0.033203
3 0.492188 0.768555 0.015625 0.037109
3 0.433594 0.688477 0.019531 0.025391
3 0.750000 0.615234 0.035156 0.062500
3 0.779297 0.570312 0.042969 0.054688
3 0.874023 0.602539 0.083984 0.095703
3 0.908203 0.664062 0.101562 0.035156
3 0.823242 0.659180 0.056641 0.033203
3 0.843750 0.706055 0.050781 0.037109
3 0.745117 0.766602 0.033203 0.044922
3 0.742188 0.672852 0.042969 0.044922
3 0.870117 0.489258 0.068359 0.044922
3 0.702148 0.505859 0.099609 0.058594
3 0.616211 0.488281 0.037109 0.046875
3 0.505859 0.429688 0.140625 0.078125
3 0.601562 0.334961 0.117188 0.099609
3 0.087891 0.604492 0.101562 0.095703
3 0.244141 0.596680 0.097656 0.068359
3 0.176758 0.476562 0.119141 0.105469
3 0.279297 0.327148 0.046875 0.056641
3 0.180664 0.362305 0.044922 0.041016
3 0.337891 0.476562 0.050781 0.046875
3 0.369141 0.394531 0.062500 0.062500
