3 0.090820 0.100586 0.083984 0.193359
3 0.121094 0.308594 0.167969 0.234375
3 0.246094 0.140625 0.179688 0.136719
3 0.267578 0.062500 0.132812 0.113281
3 0.356445 0.215820 0.181641 0.197266
3 0.320312 0.332031 0.144531 0.156250
3 0.539062 0.242188 0.113281 0.117188
3 0.570312 0.159180 0.140625 0.107422
3 0.735352 0.239258 0.228516 0.177734
3 0.686523 0.338867 0.263672 0.119141
3 0.724609 0.447266 0.238281 0.140625
3 0.563477 0.491211 0.369141 0.142578
3 0.365234 0.469727 0.199219 0.111328
3 0.249023 0.453125 0.142578 0.117188
3 0.893555 0.308594 0.095703 0.140625
