3 0.260742 0.489258 0.216797 0.111328
3 0.080078 0.635742 0.156250 0.158203
3 0.203125 0.666992 0.250000 0.123047
3 0.261719 0.749023 0.382812 0.130859
3 0.334961 0.579102 0.302734 0.072266
3 0.479492 0.514648 0.181641 0.107422
3 0.391602 0.655273 0.126953 0.111328
3 0.583984 0.623047 0.257812 0.085938
3 0.660156 0.544922 0.144531 0.101562
3 0.737305 0.492188 0.177734 0.164062
3 0.400391 0.375977 0.210938 0.099609
3 0.546875 0.330078 0.117188 0.089844
3 0.715820 0.369141 0.173828 0.101562
3 0.585938 0.455078 0.097656 0.089844
3 0.231445 0.406250 0.134766 0.074219
