3 0.256836 0.498047 0.169922 0.128906
3 0.407227 0.369141 0.275391 0.156250
3 0.563477 0.314453 0.119141 0.097656
3 0.757812 0.363281 0.121094 0.085938
3 0.782227 0.520508 0.080078 0.083984
3 0.624023 0.558594 0.099609 0.093750
3 0.662109 0.635742 0.152344 0.072266
3 0.519531 0.478516 0.242188 0.058594
3 0.416016 0.579102 0.140625 0.158203
3 0.122070 0.621094 0.240234 0.179688
3 0.313477 0.715820 0.306641 0.083984
3 0.141602 0.729492 0.158203 0.060547
3 0.318359 0.586914 0.167969 0.072266
3 0.155273 0.490234 0.107422 0.109375
3 0.735352 0.547852 0.068359 0.111328
3 0.661133 0.363281 0.056641 0.054688
