3 0.361328 0.556641 0.148438 0.179688
3 0.466797 0.625977 0.109375 0.115234
3 0.462891 0.756836 0.187500 0.173828
3 0.620117 0.926758 0.248047 0.146484
3 0.661133 0.814453 0.208984 0.160156
3 0.576172 0.695312 0.089844 0.093750
3 0.691406 0.692383 0.144531 0.142578
3 0.670898 0.572266 0.208984 0.140625
3 0.526367 0.555664 0.130859 0.119141
3 0.590820 0.352539 0.150391 0.076172
3 0.634766 0.445312 0.082031 0.082031
3 0.496094 0.209961 0.117188 0.083984
3 0.536133 0.276367 0.041016 0.041016
3 0.590820 0.265625 0.033203 0.042969
3 0.301758 0.442383 0.044922 0.044922
3 0.373047 0.244141 0.117188 0.128906
3 0.479492 0.440430 0.083984 0.052734
3 0.545898 0.639648 0.087891 0.080078
