3 0.288086 0.400391 0.033203 0.054688
3 0.221680 0.459961 0.076172 0.060547
3 0.144531 0.547852 0.160156 0.103516
3 0.393555 0.370117 0.044922 0.037109
3 0.509766 0.382812 0.050781 0.042969
3 0.599609 0.430664 0.085938 0.080078
3 0.718750 0.410156 0.144531 0.140625
3 0.488281 0.448242 0.078125 0.056641
3 0.377930 0.426758 0.048828 0.056641
3 0.306641 0.505859 0.070312 0.050781
3 0.372070 0.526367 0.056641 0.076172
3 0.436523 0.512695 0.080078 0.052734
3 0.501953 0.524414 0.054688 0.076172
3 0.661133 0.586914 0.255859 0.197266
3 0.367188 0.603516 0.070312 0.070312
3 0.323242 0.664062 0.087891 0.089844
