3 0.177734 0.547852 0.082031 0.095703
3 0.218750 0.467773 0.082031 0.052734
3 0.290039 0.404297 0.033203 0.054688
3 0.391602 0.374023 0.080078 0.048828
3 0.376953 0.423828 0.058594 0.058594
3 0.514648 0.383789 0.056641 0.041016
3 0.609375 0.437500 0.121094 0.082031
3 0.714844 0.421875 0.136719 0.132812
3 0.492188 0.456055 0.050781 0.052734
3 0.313477 0.507812 0.076172 0.046875
3 0.374023 0.607422 0.083984 0.078125
3 0.335938 0.677734 0.078125 0.066406
3 0.379883 0.519531 0.044922 0.070312
3 0.440430 0.514648 0.099609 0.064453
3 0.500000 0.531250 0.050781 0.074219
3 0.640625 0.573242 0.230469 0.189453
