3 0.219727 0.465820 0.080078 0.056641
3 0.150391 0.550781 0.171875 0.109375
3 0.287109 0.402344 0.035156 0.050781
3 0.384766 0.368164 0.062500 0.052734
3 0.517578 0.382812 0.046875 0.039062
3 0.595703 0.438477 0.089844 0.107422
3 0.659180 0.417969 0.052734 0.046875
3 0.723633 0.414062 0.154297 0.136719
3 0.494141 0.457031 0.058594 0.074219
3 0.376953 0.424805 0.058594 0.056641
3 0.306641 0.503906 0.070312 0.050781
3 0.373047 0.524414 0.042969 0.068359
3 0.440430 0.513672 0.076172 0.062500
3 0.501953 0.521484 0.050781 0.074219
3 0.660156 0.576172 0.261719 0.183594
3 0.369141 0.601562 0.070312 0.074219
3 0.317383 0.666992 0.083984 0.083984
