3 0.273438 0.414062 0.113281 0.109375
3 0.338867 0.417969 0.037109 0.050781
3 0.414062 0.430664 0.105469 0.091797
3 0.483398 0.378906 0.052734 0.042969
3 0.609375 0.375000 0.054688 0.039062
3 0.623047 0.422852 0.070312 0.056641
3 0.715820 0.405273 0.037109 0.056641
3 0.782227 0.467773 0.083984 0.060547
3 0.506836 0.455078 0.064453 0.066406
3 0.400391 0.434570 0.101562 0.087891
3 0.353516 0.587891 0.246094 0.203125
3 0.493164 0.521484 0.052734 0.078125
3 0.564453 0.512695 0.082031 0.048828
3 0.628906 0.531250 0.054688 0.085938
3 0.694336 0.504883 0.076172 0.048828
3 0.854492 0.565430 0.154297 0.123047
3 0.629883 0.608398 0.064453 0.060547
3 0.687500 0.669922 0.101562 0.085938
