3 0.173828 0.547852 0.101562 0.115234
3 0.218750 0.461914 0.085938 0.048828
3 0.287109 0.402344 0.042969 0.054688
3 0.391602 0.372070 0.048828 0.037109
3 0.376953 0.426758 0.050781 0.048828
3 0.515625 0.382812 0.058594 0.039062
3 0.604492 0.435547 0.138672 0.089844
3 0.716797 0.417969 0.132812 0.140625
3 0.490234 0.453125 0.085938 0.058594
3 0.305664 0.503906 0.087891 0.039062
3 0.368164 0.520508 0.060547 0.087891
3 0.440430 0.510742 0.087891 0.048828
3 0.500977 0.520508 0.056641 0.076172
3 0.657227 0.583984 0.263672 0.191406
3 0.369141 0.607422 0.062500 0.062500
3 0.325195 0.678711 0.072266 0.087891
