3 0.176758 0.561523 0.091797 0.095703
3 0.221680 0.465820 0.076172 0.052734
3 0.284180 0.404297 0.041016 0.062500
3 0.392578 0.369141 0.050781 0.046875
3 0.373047 0.422852 0.050781 0.052734
3 0.302734 0.502930 0.074219 0.037109
3 0.515625 0.383789 0.054688 0.041016
3 0.488281 0.451172 0.058594 0.062500
3 0.613281 0.433594 0.136719 0.089844
3 0.724609 0.418945 0.144531 0.126953
3 0.371094 0.521484 0.050781 0.062500
3 0.440430 0.513672 0.080078 0.042969
3 0.503906 0.524414 0.050781 0.064453
3 0.375000 0.607422 0.066406 0.062500
3 0.327148 0.668945 0.072266 0.064453
3 0.661133 0.584961 0.236328 0.193359
