3 0.441406 0.142578 0.125000 0.183594
3 0.538086 0.217773 0.060547 0.087891
3 0.599609 0.282227 0.054688 0.041016
3 0.497070 0.311523 0.060547 0.060547
3 0.330078 0.322266 0.093750 0.078125
3 0.388672 0.366211 0.089844 0.064453
3 0.463867 0.363281 0.099609 0.058594
3 0.568359 0.369141 0.062500 0.066406
3 0.624023 0.389648 0.052734 0.052734
3 0.477539 0.430664 0.087891 0.095703
3 0.474609 0.500977 0.089844 0.056641
3 0.547852 0.495117 0.068359 0.052734
3 0.621094 0.511719 0.035156 0.046875
3 0.574219 0.581055 0.085938 0.087891
3 0.606445 0.660156 0.099609 0.050781
3 0.580078 0.735352 0.132812 0.111328
3 0.404297 0.654297 0.238281 0.289062
