3 0.147461 0.552734 0.166016 0.125000
3 0.220703 0.459961 0.085938 0.056641
3 0.288086 0.405273 0.044922 0.052734
3 0.391602 0.371094 0.056641 0.054688
3 0.511719 0.381836 0.066406 0.048828
3 0.592773 0.432617 0.095703 0.099609
3 0.659180 0.420898 0.052734 0.056641
3 0.728516 0.414062 0.144531 0.152344
3 0.376953 0.424805 0.058594 0.052734
3 0.486328 0.457031 0.062500 0.066406
3 0.302734 0.503906 0.082031 0.035156
3 0.368164 0.521484 0.048828 0.074219
3 0.439453 0.514648 0.082031 0.064453
3 0.502930 0.523438 0.056641 0.070312
3 0.666992 0.580078 0.279297 0.203125
3 0.375000 0.609375 0.062500 0.085938
3 0.320312 0.669922 0.093750 0.105469
