3 0.585938 0.324219 0.210938 0.296875
3 0.414062 0.277344 0.140625 0.148438
3 0.429688 0.407227 0.113281 0.103516
3 0.377930 0.484375 0.044922 0.050781
3 0.527344 0.498047 0.078125 0.054688
3 0.456055 0.513672 0.076172 0.066406
3 0.509766 0.560547 0.070312 0.089844
3 0.524414 0.624023 0.076172 0.060547
3 0.611328 0.628906 0.070312 0.062500
3 0.670898 0.681641 0.091797 0.082031
3 0.503906 0.691406 0.066406 0.066406
3 0.373047 0.612305 0.039062 0.048828
3 0.424805 0.620117 0.072266 0.048828
3 0.401367 0.713867 0.072266 0.033203
3 0.462891 0.778320 0.066406 0.080078
3 0.557617 0.848633 0.126953 0.177734
