3 0.174805 0.550781 0.091797 0.097656
3 0.327148 0.667969 0.111328 0.097656
3 0.374023 0.609375 0.068359 0.070312
3 0.221680 0.462891 0.091797 0.058594
3 0.300781 0.499023 0.078125 0.064453
3 0.287109 0.406250 0.035156 0.050781
3 0.371094 0.423828 0.062500 0.062500
3 0.394531 0.368164 0.054688 0.044922
3 0.516602 0.384766 0.064453 0.027344
3 0.618164 0.435547 0.126953 0.085938
3 0.712891 0.411133 0.160156 0.142578
3 0.490234 0.458008 0.058594 0.064453
3 0.375000 0.523438 0.050781 0.074219
3 0.436523 0.508789 0.087891 0.060547
3 0.501953 0.531250 0.062500 0.085938
3 0.643555 0.585938 0.240234 0.191406
