3 0.160156 0.452148 0.171875 0.107422
3 0.329102 0.326172 0.076172 0.062500
3 0.368164 0.388672 0.068359 0.078125
3 0.306641 0.491211 0.074219 0.052734
3 0.218750 0.537109 0.089844 0.050781
3 0.287109 0.602539 0.042969 0.060547
3 0.379883 0.572266 0.060547 0.062500
3 0.646484 0.414062 0.246094 0.222656
3 0.506836 0.477539 0.060547 0.080078
3 0.438477 0.479492 0.091797 0.060547
3 0.374023 0.470703 0.052734 0.074219
3 0.493164 0.544922 0.060547 0.062500
3 0.591797 0.571289 0.101562 0.099609
3 0.664062 0.583008 0.042969 0.068359
3 0.736328 0.581055 0.113281 0.130859
3 0.509766 0.615234 0.042969 0.031250
3 0.395508 0.630859 0.056641 0.042969
