3 0.370117 0.422852 0.091797 0.138672
3 0.468750 0.342773 0.105469 0.197266
3 0.612305 0.391602 0.123047 0.201172
3 0.555664 0.537109 0.158203 0.117188
3 0.711914 0.542969 0.154297 0.152344
3 0.840820 0.587891 0.080078 0.117188
3 0.775391 0.669922 0.093750 0.066406
3 0.679688 0.682617 0.027344 0.021484
3 0.439453 0.604492 0.031250 0.033203
3 0.488281 0.706055 0.085938 0.130859
3 0.342773 0.530273 0.041016 0.056641
3 0.372070 0.621094 0.033203 0.039062
3 0.595703 0.252930 0.054688 0.029297
3 0.706055 0.277344 0.068359 0.085938
