3 0.461914 0.331055 0.130859 0.166016
3 0.356445 0.415039 0.115234 0.138672
3 0.597656 0.381836 0.156250 0.216797
3 0.607422 0.256836 0.089844 0.052734
3 0.719727 0.286133 0.091797 0.087891
3 0.711914 0.552734 0.158203 0.144531
3 0.544922 0.534180 0.171875 0.099609
3 0.438477 0.601562 0.048828 0.054688
3 0.351562 0.534180 0.046875 0.064453
3 0.380859 0.622070 0.027344 0.037109
3 0.484375 0.707031 0.085938 0.125000
3 0.678711 0.686523 0.037109 0.037109
3 0.762695 0.662109 0.095703 0.089844
3 0.841797 0.587891 0.082031 0.125000
