3 0.606445 0.249023 0.052734 0.052734
3 0.707031 0.289062 0.078125 0.093750
3 0.607422 0.392578 0.132812 0.183594
3 0.541992 0.532227 0.166016 0.123047
3 0.704102 0.543945 0.146484 0.134766
3 0.832031 0.583984 0.078125 0.125000
3 0.761719 0.671875 0.109375 0.089844
3 0.678711 0.679688 0.025391 0.023438
3 0.448242 0.598633 0.037109 0.056641
3 0.488281 0.706055 0.093750 0.123047
3 0.378906 0.626953 0.046875 0.058594
3 0.358398 0.535156 0.052734 0.070312
3 0.369141 0.414062 0.078125 0.136719
3 0.466797 0.360352 0.121094 0.169922
3 0.501953 0.260742 0.082031 0.048828
