3 0.701172 0.286133 0.093750 0.080078
3 0.599609 0.257812 0.046875 0.035156
3 0.479492 0.311523 0.142578 0.169922
3 0.391602 0.422852 0.126953 0.142578
3 0.345703 0.531250 0.039062 0.078125
3 0.614258 0.392578 0.126953 0.191406
3 0.552734 0.528320 0.152344 0.103516
3 0.703125 0.547852 0.132812 0.138672
3 0.844727 0.582031 0.107422 0.117188
3 0.777344 0.669922 0.117188 0.085938
3 0.687500 0.689453 0.039062 0.050781
3 0.439453 0.602539 0.023438 0.041016
3 0.498047 0.704102 0.054688 0.119141
3 0.373047 0.615234 0.027344 0.035156
