3 0.366211 0.399414 0.076172 0.162109
3 0.457031 0.338867 0.125000 0.177734
3 0.605469 0.250977 0.046875 0.041016
3 0.603516 0.388672 0.117188 0.203125
3 0.704102 0.289062 0.068359 0.085938
3 0.702148 0.545898 0.123047 0.123047
3 0.827148 0.575195 0.099609 0.068359
3 0.796875 0.657227 0.093750 0.103516
3 0.548828 0.539062 0.148438 0.113281
3 0.674805 0.684570 0.029297 0.052734
3 0.482422 0.700195 0.074219 0.130859
3 0.439453 0.600586 0.035156 0.048828
3 0.371094 0.622070 0.035156 0.044922
3 0.355469 0.534180 0.058594 0.083984
