3 0.374023 0.420898 0.099609 0.134766
3 0.447266 0.347656 0.066406 0.152344
3 0.501953 0.270508 0.085938 0.103516
3 0.606445 0.392578 0.134766 0.203125
3 0.705078 0.281250 0.054688 0.074219
3 0.602539 0.258789 0.056641 0.060547
3 0.555664 0.532227 0.134766 0.107422
3 0.705078 0.552734 0.132812 0.144531
3 0.815430 0.575195 0.119141 0.095703
3 0.767578 0.659180 0.097656 0.076172
3 0.681641 0.685547 0.058594 0.054688
3 0.415039 0.612305 0.103516 0.044922
3 0.351562 0.530273 0.039062 0.099609
3 0.486328 0.713867 0.082031 0.138672
