3 0.331055 0.509766 0.060547 0.054688
3 0.214844 0.646484 0.078125 0.113281
3 0.282227 0.763672 0.048828 0.046875
3 0.392578 0.773438 0.054688 0.109375
3 0.348633 0.681641 0.056641 0.054688
3 0.311523 0.609375 0.060547 0.109375
3 0.433594 0.571289 0.140625 0.083984
3 0.361328 0.437500 0.191406 0.101562
3 0.438477 0.331055 0.126953 0.142578
3 0.550781 0.524414 0.042969 0.041016
3 0.639648 0.612305 0.134766 0.146484
3 0.534180 0.633789 0.083984 0.119141
3 0.625977 0.773438 0.017578 0.019531
3 0.661133 0.779297 0.021484 0.023438
3 0.604492 0.836914 0.029297 0.072266
3 0.497070 0.828125 0.017578 0.015625
3 0.684570 0.879883 0.017578 0.013672
3 0.820312 0.759766 0.011719 0.011719
3 0.833984 0.779297 0.011719 0.011719
3 0.858398 0.771484 0.025391 0.023438
3 0.263672 0.515625 0.058594 0.042969
