3 0.255859 0.153320 0.082031 0.083984
3 0.281250 0.311523 0.113281 0.146484
3 0.140625 0.350586 0.089844 0.091797
3 0.083008 0.398438 0.099609 0.089844
3 0.225586 0.401367 0.103516 0.119141
3 0.367188 0.423828 0.109375 0.121094
3 0.328125 0.527344 0.082031 0.093750
3 0.323242 0.668945 0.150391 0.115234
3 0.477539 0.402344 0.072266 0.101562
3 0.538086 0.485352 0.111328 0.087891
3 0.469727 0.571289 0.087891 0.115234
3 0.700195 0.424805 0.115234 0.115234
3 0.775391 0.536133 0.167969 0.150391
3 0.647461 0.594727 0.087891 0.111328
3 0.738281 0.654297 0.078125 0.121094
