3 0.740234 0.155273 0.085938 0.095703
3 0.719727 0.306641 0.095703 0.156250
3 0.767578 0.390625 0.078125 0.085938
3 0.841797 0.340820 0.085938 0.095703
3 0.912109 0.400391 0.101562 0.074219
3 0.623047 0.408203 0.105469 0.113281
3 0.658203 0.530273 0.117188 0.103516
3 0.662109 0.672852 0.152344 0.126953
3 0.511719 0.571289 0.097656 0.123047
3 0.454102 0.485352 0.107422 0.095703
3 0.519531 0.411133 0.085938 0.111328
3 0.309570 0.435547 0.115234 0.121094
3 0.217773 0.527344 0.154297 0.164062
3 0.336914 0.600586 0.099609 0.119141
3 0.264648 0.651367 0.087891 0.126953
