3 0.731445 0.152344 0.083984 0.089844
3 0.722656 0.315430 0.082031 0.150391
3 0.773438 0.393555 0.105469 0.091797
3 0.849609 0.347656 0.062500 0.097656
3 0.916992 0.398438 0.095703 0.078125
3 0.638672 0.422852 0.121094 0.123047
3 0.670898 0.522461 0.083984 0.095703
3 0.674805 0.668945 0.126953 0.126953
3 0.512695 0.402344 0.083984 0.097656
3 0.455078 0.471680 0.132812 0.091797
3 0.502930 0.581055 0.076172 0.099609
3 0.301758 0.430664 0.119141 0.115234
3 0.224609 0.531250 0.152344 0.187500
3 0.358398 0.604492 0.115234 0.107422
3 0.260742 0.662109 0.076172 0.140625
