3 0.588867 0.120117 0.076172 0.068359
3 0.696289 0.192383 0.037109 0.068359
3 0.745117 0.184570 0.060547 0.111328
3 0.612305 0.226562 0.048828 0.128906
3 0.658203 0.264648 0.046875 0.111328
3 0.584961 0.340820 0.041016 0.107422
3 0.627930 0.400391 0.064453 0.062500
3 0.660156 0.478516 0.109375 0.070312
3 0.502930 0.378906 0.056641 0.101562
3 0.483398 0.456055 0.060547 0.060547
3 0.550781 0.495117 0.062500 0.091797
3 0.363281 0.508789 0.117188 0.095703
3 0.340820 0.607422 0.103516 0.132812
3 0.441406 0.586914 0.070312 0.072266
3 0.411133 0.663086 0.060547 0.095703
