3 0.388672 0.336914 0.144531 0.119141
3 0.504883 0.378906 0.080078 0.089844
3 0.335938 0.420898 0.074219 0.080078
3 0.411133 0.445312 0.068359 0.070312
3 0.532227 0.483398 0.060547 0.064453
3 0.610352 0.502930 0.095703 0.064453
3 0.503906 0.554688 0.082031 0.074219
3 0.515625 0.662109 0.085938 0.117188
3 0.599609 0.625977 0.074219 0.060547
3 0.650391 0.583008 0.113281 0.068359
3 0.771484 0.609375 0.140625 0.054688
3 0.871094 0.579102 0.066406 0.060547
3 0.726562 0.657227 0.101562 0.060547
3 0.799805 0.700195 0.072266 0.052734
3 0.802734 0.748047 0.097656 0.058594
