3 0.734375 0.155273 0.062500 0.111328
3 0.714844 0.312500 0.082031 0.156250
3 0.847656 0.354492 0.070312 0.091797
3 0.916992 0.400391 0.099609 0.085938
3 0.761719 0.400391 0.113281 0.109375
3 0.636719 0.418945 0.082031 0.111328
3 0.673828 0.536133 0.082031 0.115234
3 0.669922 0.673828 0.136719 0.125000
3 0.520508 0.402344 0.072266 0.109375
3 0.452148 0.477539 0.119141 0.083984
3 0.535156 0.572266 0.078125 0.109375
3 0.293945 0.436523 0.134766 0.123047
3 0.206055 0.528320 0.162109 0.150391
3 0.333984 0.604492 0.089844 0.103516
3 0.266602 0.656250 0.087891 0.132812
