3 0.325195 0.327148 0.173828 0.142578
3 0.471680 0.417969 0.099609 0.128906
3 0.541992 0.516602 0.099609 0.087891
3 0.475586 0.589844 0.087891 0.109375
3 0.651367 0.385742 0.080078 0.111328
3 0.743164 0.341797 0.103516 0.140625
3 0.770508 0.474609 0.146484 0.160156
3 0.686523 0.563477 0.099609 0.111328
3 0.321289 0.457031 0.080078 0.082031
3 0.365234 0.576172 0.093750 0.121094
3 0.270508 0.684570 0.087891 0.146484
3 0.263672 0.838867 0.070312 0.083984
3 0.230469 0.597656 0.117188 0.074219
3 0.144531 0.638672 0.078125 0.097656
3 0.085938 0.603516 0.125000 0.085938
