3 0.582031 0.119141 0.062500 0.082031
3 0.605469 0.217773 0.050781 0.111328
3 0.703125 0.192383 0.035156 0.076172
3 0.754883 0.190430 0.041016 0.087891
3 0.659180 0.258789 0.052734 0.091797
3 0.589844 0.336914 0.066406 0.095703
3 0.622070 0.390625 0.056641 0.066406
3 0.663086 0.479492 0.103516 0.087891
3 0.502930 0.386719 0.052734 0.078125
3 0.481445 0.453125 0.068359 0.062500
3 0.551758 0.494141 0.056641 0.093750
3 0.378906 0.509766 0.085938 0.097656
3 0.342773 0.607422 0.099609 0.109375
3 0.444336 0.595703 0.060547 0.093750
3 0.418945 0.668945 0.076172 0.091797
