3 0.575195 0.119141 0.060547 0.082031
3 0.698242 0.188477 0.041016 0.080078
3 0.749023 0.187500 0.048828 0.089844
3 0.610352 0.213867 0.052734 0.111328
3 0.665039 0.258789 0.064453 0.099609
3 0.584961 0.342773 0.048828 0.107422
3 0.624023 0.399414 0.060547 0.072266
3 0.667969 0.478516 0.121094 0.093750
3 0.510742 0.381836 0.056641 0.099609
3 0.490234 0.456055 0.078125 0.072266
3 0.553711 0.491211 0.044922 0.091797
3 0.378906 0.506836 0.082031 0.103516
3 0.348633 0.608398 0.107422 0.142578
3 0.449219 0.583984 0.066406 0.097656
3 0.417969 0.660156 0.058594 0.078125
