3 0.576172 0.118164 0.070312 0.080078
3 0.692383 0.182617 0.041016 0.080078
3 0.750000 0.181641 0.046875 0.089844
3 0.605469 0.225586 0.039062 0.126953
3 0.655273 0.262695 0.052734 0.111328
3 0.580078 0.340820 0.050781 0.107422
3 0.627930 0.396484 0.052734 0.066406
3 0.670898 0.484375 0.126953 0.089844
3 0.548828 0.478516 0.062500 0.109375
3 0.508789 0.377930 0.037109 0.103516
3 0.482422 0.454102 0.066406 0.056641
3 0.377930 0.509766 0.072266 0.089844
3 0.358398 0.610352 0.111328 0.126953
3 0.445312 0.583008 0.066406 0.087891
3 0.418945 0.659180 0.052734 0.095703
