3 0.412109 0.083984 0.101562 0.113281
3 0.363281 0.151367 0.105469 0.072266
3 0.399414 0.228516 0.099609 0.097656
3 0.314453 0.276367 0.160156 0.095703
3 0.154297 0.259766 0.085938 0.085938
3 0.417969 0.360352 0.101562 0.099609
3 0.530273 0.334961 0.099609 0.091797
3 0.667969 0.325195 0.148438 0.154297
3 0.571289 0.461914 0.134766 0.107422
3 0.403320 0.468750 0.130859 0.082031
3 0.491211 0.542969 0.076172 0.117188
3 0.412109 0.685547 0.144531 0.085938
3 0.511719 0.778320 0.167969 0.134766
3 0.586914 0.649414 0.123047 0.099609
3 0.657227 0.729492 0.111328 0.083984
