3 0.311523 0.437500 0.123047 0.136719
3 0.220703 0.536133 0.160156 0.173828
3 0.349609 0.600586 0.085938 0.111328
3 0.275391 0.661133 0.109375 0.134766
3 0.501953 0.399414 0.078125 0.103516
3 0.458008 0.488281 0.123047 0.117188
3 0.521484 0.577148 0.089844 0.134766
3 0.663086 0.675781 0.138672 0.156250
3 0.666992 0.531250 0.064453 0.082031
3 0.636719 0.423828 0.113281 0.132812
3 0.723633 0.149414 0.083984 0.091797
3 0.715820 0.309570 0.083984 0.154297
3 0.763672 0.401367 0.121094 0.107422
3 0.836914 0.341797 0.072266 0.089844
3 0.920898 0.403320 0.091797 0.091797
