3 0.577148 0.122070 0.076172 0.080078
3 0.603516 0.228516 0.050781 0.125000
3 0.696289 0.191406 0.033203 0.074219
3 0.744141 0.186523 0.042969 0.087891
3 0.653320 0.258789 0.064453 0.095703
3 0.583984 0.337891 0.046875 0.121094
3 0.629883 0.398438 0.064453 0.058594
3 0.661133 0.477539 0.107422 0.068359
3 0.503906 0.387695 0.054688 0.083984
3 0.484375 0.464844 0.074219 0.074219
3 0.550781 0.493164 0.062500 0.103516
3 0.376953 0.512695 0.097656 0.126953
3 0.345703 0.608398 0.109375 0.111328
3 0.440430 0.589844 0.064453 0.085938
3 0.418945 0.668945 0.052734 0.103516
