3 0.465820 0.220703 0.173828 0.140625
3 0.578125 0.293945 0.109375 0.119141
3 0.330078 0.254883 0.117188 0.087891
3 0.379883 0.334961 0.111328 0.095703
3 0.414062 0.519531 0.117188 0.113281
3 0.512695 0.449219 0.072266 0.105469
3 0.586914 0.513672 0.111328 0.105469
3 0.589844 0.627930 0.152344 0.107422
3 0.459961 0.668945 0.095703 0.083984
3 0.326172 0.676758 0.128906 0.150391
3 0.678711 0.725586 0.158203 0.107422
3 0.594727 0.763672 0.111328 0.097656
3 0.640625 0.846680 0.125000 0.076172
3 0.839844 0.737305 0.093750 0.080078
3 0.598633 0.908203 0.083984 0.109375
