3 0.737305 0.158203 0.091797 0.117188
3 0.717773 0.321289 0.091797 0.181641
3 0.764648 0.400391 0.095703 0.109375
3 0.844727 0.349609 0.064453 0.089844
3 0.918945 0.402344 0.095703 0.093750
3 0.628906 0.417969 0.093750 0.125000
3 0.665039 0.528320 0.083984 0.111328
3 0.675781 0.666016 0.160156 0.125000
3 0.520508 0.394531 0.107422 0.097656
3 0.450195 0.474609 0.107422 0.101562
3 0.519531 0.576172 0.078125 0.121094
3 0.294922 0.433594 0.125000 0.128906
3 0.208984 0.528320 0.167969 0.158203
3 0.339844 0.602539 0.082031 0.115234
3 0.270508 0.655273 0.119141 0.130859
