3 0.576172 0.116211 0.058594 0.087891
3 0.611328 0.231445 0.062500 0.123047
3 0.700195 0.183594 0.033203 0.066406
3 0.750000 0.182617 0.042969 0.103516
3 0.660156 0.253906 0.046875 0.101562
3 0.582031 0.338867 0.046875 0.103516
3 0.618164 0.386719 0.060547 0.074219
3 0.667969 0.478516 0.125000 0.085938
3 0.505859 0.379883 0.054688 0.080078
3 0.494141 0.459961 0.070312 0.064453
3 0.553711 0.488281 0.048828 0.089844
3 0.375977 0.503906 0.076172 0.109375
3 0.353516 0.618164 0.089844 0.119141
3 0.444336 0.589844 0.056641 0.085938
3 0.420898 0.673828 0.080078 0.109375
