3 0.574219 0.117188 0.085938 0.078125
3 0.701172 0.184570 0.046875 0.083984
3 0.750977 0.188477 0.048828 0.091797
3 0.608398 0.228516 0.064453 0.121094
3 0.653320 0.254883 0.048828 0.099609
3 0.580078 0.338867 0.042969 0.099609
3 0.625977 0.394531 0.060547 0.062500
3 0.669922 0.483398 0.105469 0.095703
3 0.503906 0.382812 0.066406 0.093750
3 0.483398 0.467773 0.072266 0.072266
3 0.546875 0.478516 0.066406 0.109375
3 0.365234 0.512695 0.105469 0.107422
3 0.344727 0.612305 0.095703 0.103516
3 0.438477 0.583984 0.083984 0.082031
3 0.422852 0.663086 0.064453 0.083984
