3 0.576172 0.326172 0.062500 0.074219
3 0.545898 0.405273 0.076172 0.083984
3 0.644531 0.387695 0.089844 0.146484
3 0.615234 0.501953 0.082031 0.078125
3 0.436523 0.498047 0.064453 0.097656
3 0.513672 0.531250 0.074219 0.089844
3 0.494141 0.603516 0.062500 0.097656
3 0.325195 0.520508 0.119141 0.083984
3 0.366211 0.598633 0.056641 0.064453
3 0.414062 0.649414 0.050781 0.099609
3 0.380859 0.764648 0.054688 0.115234
3 0.413086 0.876953 0.052734 0.082031
3 0.332031 0.735352 0.046875 0.107422
3 0.301758 0.806641 0.041016 0.089844
3 0.247070 0.811523 0.068359 0.103516
