3 0.582031 0.122070 0.070312 0.080078
3 0.701172 0.190430 0.031250 0.076172
3 0.745117 0.180664 0.048828 0.087891
3 0.600586 0.224609 0.056641 0.117188
3 0.656250 0.265625 0.058594 0.109375
3 0.583008 0.339844 0.060547 0.093750
3 0.628906 0.393555 0.074219 0.060547
3 0.666016 0.479492 0.101562 0.080078
3 0.510742 0.383789 0.041016 0.087891
3 0.483398 0.463867 0.060547 0.080078
3 0.553711 0.499023 0.068359 0.064453
3 0.385742 0.498047 0.072266 0.085938
3 0.441406 0.590820 0.062500 0.087891
3 0.425781 0.665039 0.070312 0.091797
3 0.341797 0.597656 0.105469 0.152344
