3 0.449219 0.405273 0.191406 0.189453
3 0.508789 0.560547 0.076172 0.109375
3 0.600586 0.336914 0.076172 0.111328
3 0.631836 0.495117 0.130859 0.166016
3 0.740234 0.411133 0.105469 0.107422
3 0.749023 0.625977 0.111328 0.130859
3 0.258789 0.579102 0.146484 0.111328
3 0.798828 0.540039 0.089844 0.076172
3 0.229492 0.423828 0.044922 0.058594
3 0.312500 0.359375 0.023438 0.039062
3 0.323242 0.488281 0.029297 0.035156
3 0.352539 0.521484 0.048828 0.050781
3 0.616211 0.682617 0.029297 0.048828
3 0.665039 0.647461 0.029297 0.044922
