3 0.630859 0.298828 0.175781 0.125000
3 0.384766 0.406250 0.144531 0.101562
3 0.498047 0.535156 0.144531 0.210938
3 0.310547 0.527344 0.128906 0.148438
3 0.363281 0.660156 0.085938 0.117188
3 0.212891 0.637695 0.125000 0.138672
3 0.153320 0.438477 0.091797 0.103516
3 0.113281 0.539062 0.093750 0.070312
3 0.725586 0.436523 0.025391 0.076172
3 0.659180 0.540039 0.037109 0.044922
3 0.595703 0.599609 0.019531 0.042969
3 0.615234 0.518555 0.039062 0.041016
3 0.249023 0.333008 0.041016 0.041016
3 0.561523 0.386719 0.044922 0.046875
