3 0.263672 0.585938 0.144531 0.125000
3 0.519531 0.567383 0.109375 0.130859
3 0.745117 0.624023 0.119141 0.123047
3 0.617188 0.483398 0.140625 0.169922
3 0.732422 0.406250 0.117188 0.152344
3 0.605469 0.339844 0.078125 0.089844
3 0.446289 0.408203 0.181641 0.167969
3 0.263672 0.585938 0.144531 0.125000
3 0.794922 0.543945 0.078125 0.087891
3 0.237305 0.425781 0.048828 0.058594
3 0.318359 0.364258 0.015625 0.041016
3 0.363281 0.529297 0.039062 0.039062
3 0.629883 0.673828 0.033203 0.035156
3 0.661133 0.649414 0.048828 0.041016
3 0.316406 0.479492 0.035156 0.033203
