3 0.881836 0.466797 0.056641 0.066406
3 0.851562 0.567383 0.132812 0.138672
3 0.779297 0.340820 0.101562 0.115234
3 0.642578 0.322266 0.117188 0.140625
3 0.851562 0.569336 0.132812 0.138672
3 0.690430 0.476562 0.173828 0.171875
3 0.606445 0.606445 0.134766 0.130859
3 0.483398 0.448242 0.220703 0.220703
3 0.355469 0.710938 0.152344 0.128906
3 0.269531 0.554688 0.031250 0.066406
3 0.334961 0.460938 0.044922 0.042969
3 0.454102 0.605469 0.033203 0.031250
3 0.749023 0.661133 0.033203 0.033203
3 0.779297 0.609375 0.023438 0.023438
