3 0.874023 0.464844 0.087891 0.066406
3 0.841797 0.557617 0.093750 0.138672
3 0.597656 0.593750 0.105469 0.144531
3 0.707031 0.482422 0.160156 0.195312
3 0.765625 0.340820 0.113281 0.126953
3 0.633789 0.318359 0.126953 0.156250
3 0.488281 0.451172 0.187500 0.226562
3 0.363281 0.703125 0.160156 0.136719
3 0.271484 0.556641 0.027344 0.066406
3 0.337891 0.453125 0.039062 0.046875
3 0.385742 0.483398 0.017578 0.021484
3 0.454102 0.613281 0.041016 0.039062
3 0.744141 0.661133 0.039062 0.044922
3 0.774414 0.602539 0.025391 0.029297
