3 0.211914 0.248047 0.208984 0.093750
3 0.442383 0.123047 0.087891 0.105469
3 0.090820 0.395508 0.119141 0.087891
3 0.875000 0.392578 0.167969 0.417969
3 0.721680 0.640625 0.119141 0.097656
3 0.375977 0.631836 0.103516 0.099609
3 0.397461 0.231445 0.076172 0.091797
3 0.518555 0.229492 0.095703 0.103516
3 0.536133 0.130859 0.087891 0.093750
3 0.653320 0.527344 0.181641 0.105469
3 0.756836 0.463867 0.068359 0.107422
3 0.738281 0.757812 0.125000 0.082031
3 0.572266 0.750000 0.121094 0.117188
3 0.529297 0.640625 0.125000 0.097656
3 0.566406 0.431641 0.097656 0.066406
3 0.738281 0.240234 0.054688 0.058594
3 0.657227 0.162109 0.056641 0.042969
3 0.602539 0.126953 0.052734 0.054688
3 0.490234 0.525391 0.074219 0.039062
