3 0.400391 0.121094 0.273438 0.238281
3 0.778320 0.105469 0.087891 0.136719
3 0.731445 0.475586 0.072266 0.083984
3 0.202148 0.547852 0.107422 0.115234
3 0.451172 0.786133 0.171875 0.189453
3 0.237305 0.657227 0.099609 0.083984
3 0.628906 0.815430 0.074219 0.091797
3 0.504883 0.396484 0.087891 0.070312
3 0.312500 0.535156 0.082031 0.097656
3 0.374023 0.652344 0.091797 0.097656
3 0.594727 0.037109 0.107422 0.070312
3 0.575195 0.228516 0.072266 0.257812
3 0.661133 0.169922 0.068359 0.132812
3 0.776367 0.262695 0.091797 0.134766
3 0.705078 0.342773 0.117188 0.103516
3 0.284180 0.306641 0.056641 0.046875
3 0.205078 0.425781 0.050781 0.054688
3 0.222656 0.472656 0.031250 0.050781
3 0.609375 0.421875 0.050781 0.074219
