3 0.554688 0.215820 0.175781 0.177734
3 0.772461 0.340820 0.126953 0.080078
3 0.285156 0.522461 0.074219 0.072266
3 0.228516 0.884766 0.085938 0.148438
3 0.516602 0.862305 0.158203 0.248047
3 0.800781 0.414062 0.113281 0.093750
3 0.369141 0.185547 0.082031 0.089844
3 0.638672 0.349609 0.078125 0.070312
3 0.687500 0.460938 0.101562 0.082031
3 0.435547 0.688477 0.125000 0.119141
3 0.495117 0.601562 0.091797 0.085938
3 0.679688 0.834961 0.132812 0.166016
3 0.721680 0.686523 0.048828 0.064453
3 0.796875 0.560547 0.054688 0.085938
3 0.392578 0.571289 0.050781 0.064453
3 0.215820 0.739258 0.091797 0.119141
3 0.290039 0.648438 0.130859 0.089844
3 0.337891 0.820312 0.089844 0.125000
3 0.419922 0.767578 0.070312 0.089844
3 0.818359 0.479492 0.085938 0.080078
3 0.387695 0.950195 0.095703 0.091797
