3 0.237305 0.264648 0.111328 0.126953
3 0.575195 0.105469 0.435547 0.156250
3 0.373047 0.615234 0.089844 0.097656
3 0.871094 0.471680 0.085938 0.091797
3 0.746094 0.779297 0.148438 0.222656
3 0.771484 0.485352 0.089844 0.095703
3 0.602539 0.894531 0.091797 0.105469
3 0.767578 0.600586 0.085938 0.083984
3 0.887695 0.570312 0.119141 0.093750
3 0.858398 0.375000 0.068359 0.113281
3 0.755859 0.256836 0.046875 0.052734
3 0.239258 0.411133 0.115234 0.126953
3 0.308594 0.512695 0.070312 0.064453
3 0.473633 0.500977 0.041016 0.068359
3 0.556641 0.429688 0.070312 0.082031
3 0.369141 0.262695 0.097656 0.134766
3 0.366211 0.444336 0.076172 0.087891
3 0.474609 0.348633 0.109375 0.181641
3 0.525391 0.207031 0.144531 0.128906
