3 0.126953 0.469727 0.109375 0.087891
3 0.266602 0.781250 0.154297 0.218750
3 0.649414 0.628906 0.115234 0.113281
3 0.319336 0.118164 0.240234 0.158203
3 0.468750 0.153320 0.109375 0.244141
3 0.398438 0.893555 0.078125 0.076172
3 0.233398 0.474609 0.107422 0.113281
3 0.577148 0.101562 0.126953 0.105469
3 0.532227 0.341797 0.115234 0.171875
3 0.639648 0.273438 0.099609 0.109375
3 0.772461 0.253906 0.119141 0.156250
3 0.765625 0.415039 0.105469 0.119141
3 0.642578 0.447266 0.078125 0.078125
3 0.695312 0.518555 0.070312 0.064453
3 0.542969 0.509766 0.070312 0.078125
3 0.441406 0.435547 0.062500 0.085938
3 0.119141 0.554688 0.113281 0.085938
3 0.236328 0.600586 0.082031 0.087891
3 0.144531 0.366211 0.097656 0.087891
3 0.250977 0.261719 0.068359 0.054688
