3 0.131836 0.464844 0.095703 0.082031
3 0.252930 0.772461 0.154297 0.224609
3 0.637695 0.626953 0.091797 0.085938
3 0.765625 0.254883 0.101562 0.162109
3 0.351562 0.112305 0.210938 0.150391
3 0.399414 0.898438 0.095703 0.121094
3 0.230469 0.484375 0.097656 0.101562
3 0.232422 0.609375 0.089844 0.089844
3 0.116211 0.558594 0.111328 0.085938
3 0.134766 0.365234 0.089844 0.105469
3 0.256836 0.256836 0.068359 0.044922
3 0.755859 0.414062 0.117188 0.132812
3 0.693359 0.507812 0.062500 0.062500
3 0.638672 0.436523 0.089844 0.080078
3 0.518555 0.497070 0.060547 0.064453
3 0.441406 0.430664 0.062500 0.080078
3 0.640625 0.277344 0.113281 0.113281
3 0.537109 0.336914 0.109375 0.169922
3 0.475586 0.160156 0.126953 0.242188
3 0.587891 0.111328 0.089844 0.101562
