3 0.322266 0.125000 0.199219 0.148438
3 0.763672 0.260742 0.089844 0.154297
3 0.136719 0.471680 0.093750 0.080078
3 0.261719 0.781250 0.175781 0.234375
3 0.630859 0.620117 0.085938 0.107422
3 0.396484 0.900391 0.085938 0.093750
3 0.244141 0.478516 0.101562 0.097656
3 0.226562 0.600586 0.085938 0.087891
3 0.123047 0.565430 0.113281 0.080078
3 0.137695 0.369141 0.103516 0.105469
3 0.250977 0.264648 0.064453 0.052734
3 0.759766 0.413086 0.105469 0.130859
3 0.638672 0.438477 0.085938 0.072266
3 0.685547 0.514648 0.085938 0.076172
3 0.530273 0.496094 0.052734 0.070312
3 0.446289 0.433594 0.064453 0.082031
3 0.483398 0.158203 0.115234 0.246094
3 0.532227 0.335938 0.099609 0.164062
3 0.636719 0.265625 0.097656 0.125000
3 0.589844 0.111328 0.097656 0.101562
