3 0.250977 0.193359 0.126953 0.273438
3 0.125977 0.422852 0.095703 0.119141
3 0.424805 0.894531 0.458984 0.136719
3 0.759766 0.574219 0.117188 0.156250
3 0.398438 0.103516 0.105469 0.089844
3 0.626953 0.366211 0.128906 0.087891
3 0.230469 0.388672 0.078125 0.078125
3 0.233398 0.508789 0.091797 0.083984
3 0.134766 0.535156 0.101562 0.078125
3 0.121094 0.599609 0.039062 0.035156
3 0.242188 0.742188 0.050781 0.054688
3 0.157227 0.660156 0.044922 0.058594
3 0.178711 0.610352 0.033203 0.048828
3 0.536133 0.494141 0.048828 0.066406
3 0.440430 0.566406 0.068359 0.074219
3 0.533203 0.660156 0.105469 0.160156
3 0.637695 0.731445 0.087891 0.107422
3 0.758789 0.734375 0.099609 0.148438
3 0.471680 0.773438 0.115234 0.109375
3 0.682617 0.489258 0.056641 0.068359
3 0.633789 0.549805 0.064453 0.083984
