3 0.439453 0.222656 0.148438 0.191406
3 0.220703 0.335938 0.136719 0.093750
3 0.726562 0.523438 0.085938 0.078125
3 0.498047 0.600586 0.097656 0.064453
3 0.438477 0.872070 0.400391 0.248047
3 0.629883 0.160156 0.083984 0.121094
3 0.211914 0.435547 0.123047 0.113281
3 0.309570 0.455078 0.091797 0.093750
3 0.360352 0.356445 0.099609 0.091797
3 0.217773 0.543945 0.060547 0.091797
3 0.285156 0.686523 0.050781 0.072266
3 0.688477 0.661133 0.060547 0.095703
3 0.775391 0.690430 0.101562 0.193359
3 0.598633 0.575195 0.056641 0.091797
3 0.566406 0.712891 0.082031 0.148438
3 0.666016 0.827148 0.078125 0.123047
3 0.768555 0.876953 0.072266 0.128906
