3 0.572266 0.173828 0.414062 0.328125
3 0.224609 0.110352 0.089844 0.115234
3 0.805664 0.553711 0.115234 0.095703
3 0.555664 0.783203 0.150391 0.226562
3 0.362305 0.828125 0.107422 0.132812
3 0.755859 0.663086 0.128906 0.123047
3 0.483398 0.402344 0.099609 0.082031
3 0.631836 0.648438 0.080078 0.089844
3 0.681641 0.532227 0.101562 0.087891
3 0.222656 0.289062 0.117188 0.207031
3 0.308594 0.328125 0.066406 0.082031
3 0.389648 0.424805 0.072266 0.060547
3 0.270508 0.483398 0.080078 0.099609
3 0.332031 0.160156 0.089844 0.097656
3 0.796875 0.445312 0.085938 0.105469
