3 0.125000 0.471680 0.085938 0.083984
3 0.236328 0.795898 0.148438 0.283203
3 0.631836 0.613281 0.076172 0.082031
3 0.445312 0.116211 0.398438 0.123047
3 0.755859 0.245117 0.105469 0.154297
3 0.119141 0.579102 0.085938 0.119141
3 0.399414 0.890625 0.107422 0.113281
3 0.241211 0.606445 0.083984 0.083984
3 0.237305 0.482422 0.083984 0.070312
3 0.636719 0.272461 0.105469 0.123047
3 0.752930 0.416016 0.111328 0.125000
3 0.658203 0.475586 0.121094 0.130859
3 0.522461 0.504883 0.048828 0.052734
3 0.445312 0.426758 0.050781 0.076172
3 0.523438 0.334961 0.117188 0.169922
3 0.461914 0.205078 0.123047 0.125000
3 0.244141 0.256836 0.050781 0.052734
3 0.146484 0.372070 0.109375 0.099609
