3 0.766602 0.194336 0.130859 0.267578
3 0.875977 0.427734 0.103516 0.125000
3 0.227539 0.561523 0.123047 0.142578
3 0.579102 0.854492 0.416016 0.201172
3 0.767578 0.391602 0.082031 0.072266
3 0.594727 0.091797 0.107422 0.105469
3 0.365234 0.377930 0.085938 0.087891
3 0.227539 0.727539 0.103516 0.134766
3 0.556641 0.566406 0.074219 0.089844
3 0.462891 0.651367 0.121094 0.158203
3 0.363281 0.725586 0.093750 0.095703
3 0.347656 0.521484 0.117188 0.132812
3 0.864258 0.534180 0.103516 0.095703
3 0.767578 0.519531 0.089844 0.093750
