3 0.423828 0.114258 0.382812 0.126953
3 0.774414 0.241211 0.115234 0.205078
3 0.636719 0.614258 0.070312 0.080078
3 0.125977 0.465820 0.103516 0.095703
3 0.263672 0.775391 0.140625 0.226562
3 0.394531 0.895508 0.074219 0.099609
3 0.112305 0.562500 0.130859 0.074219
3 0.233398 0.609375 0.099609 0.085938
3 0.235352 0.490234 0.095703 0.093750
3 0.460938 0.221680 0.121094 0.111328
3 0.529297 0.340820 0.101562 0.162109
3 0.442383 0.435547 0.056641 0.078125
3 0.620117 0.281250 0.068359 0.113281
3 0.660156 0.475586 0.113281 0.126953
3 0.762695 0.416992 0.099609 0.119141
