3 0.499023 0.406250 0.095703 0.093750
3 0.659180 0.146484 0.095703 0.167969
3 0.728516 0.477539 0.078125 0.091797
3 0.213867 0.540039 0.123047 0.138672
3 0.628906 0.814453 0.074219 0.097656
3 0.236328 0.651367 0.109375 0.080078
3 0.308594 0.532227 0.093750 0.095703
3 0.362305 0.649414 0.064453 0.076172
3 0.593750 0.423828 0.050781 0.046875
3 0.703125 0.341797 0.117188 0.132812
3 0.776367 0.196289 0.111328 0.248047
3 0.575195 0.275391 0.103516 0.160156
3 0.552734 0.046875 0.203125 0.082031
3 0.503906 0.171875 0.113281 0.167969
3 0.351562 0.151367 0.199219 0.154297
3 0.415039 0.055664 0.083984 0.060547
3 0.285156 0.308594 0.054688 0.062500
3 0.207031 0.444336 0.062500 0.072266
3 0.449219 0.787109 0.160156 0.179688
