3 0.763672 0.248047 0.101562 0.160156
3 0.313477 0.114258 0.220703 0.158203
3 0.633789 0.625977 0.091797 0.091797
3 0.133789 0.465820 0.087891 0.091797
3 0.239258 0.780273 0.123047 0.232422
3 0.233398 0.470703 0.123047 0.105469
3 0.401367 0.896484 0.087891 0.082031
3 0.223633 0.601562 0.080078 0.085938
3 0.125000 0.564453 0.117188 0.082031
3 0.147461 0.372070 0.095703 0.103516
3 0.245117 0.258789 0.056641 0.041016
3 0.762695 0.415039 0.111328 0.126953
3 0.639648 0.440430 0.076172 0.072266
3 0.685547 0.511719 0.089844 0.062500
3 0.535156 0.510742 0.070312 0.080078
3 0.439453 0.438477 0.070312 0.080078
3 0.531250 0.343750 0.121094 0.167969
3 0.630859 0.274414 0.109375 0.123047
3 0.481445 0.159180 0.138672 0.248047
3 0.583984 0.103516 0.093750 0.109375
