3 0.402344 0.109375 0.289062 0.210938
3 0.501953 0.398438 0.070312 0.085938
3 0.731445 0.475586 0.072266 0.083984
3 0.200195 0.546875 0.103516 0.113281
3 0.451172 0.786133 0.171875 0.189453
3 0.246094 0.666992 0.140625 0.095703
3 0.628906 0.815430 0.074219 0.091797
3 0.316406 0.538086 0.089844 0.076172
3 0.367188 0.654297 0.078125 0.066406
3 0.771484 0.117188 0.085938 0.125000
3 0.785156 0.265625 0.109375 0.148438
3 0.735352 0.367188 0.060547 0.074219
3 0.594727 0.042969 0.099609 0.082031
3 0.581055 0.271484 0.099609 0.175781
3 0.673828 0.163086 0.082031 0.142578
3 0.680664 0.321289 0.072266 0.099609
3 0.593750 0.406250 0.070312 0.066406
3 0.287109 0.308594 0.074219 0.058594
3 0.208984 0.451172 0.062500 0.105469
