3 0.443359 0.196289 0.121094 0.099609
3 0.855469 0.323242 0.183594 0.185547
3 0.776367 0.752930 0.326172 0.099609
3 0.505859 0.722656 0.089844 0.074219
3 0.221680 0.447266 0.201172 0.171875
3 0.167969 0.623047 0.113281 0.082031
3 0.604492 0.511719 0.076172 0.101562
3 0.345703 0.238281 0.082031 0.093750
3 0.354492 0.362305 0.076172 0.076172
3 0.452148 0.308594 0.111328 0.109375
3 0.824219 0.663086 0.140625 0.076172
3 0.949219 0.531250 0.089844 0.226562
3 0.830078 0.501953 0.148438 0.101562
3 0.724609 0.567383 0.144531 0.099609
3 0.686523 0.282227 0.052734 0.064453
3 0.560547 0.199219 0.050781 0.050781
3 0.572266 0.594727 0.050781 0.060547
