3 0.243164 0.419922 0.107422 0.152344
3 0.411133 0.329102 0.072266 0.048828
3 0.451172 0.691406 0.066406 0.058594
3 0.554688 0.807617 0.066406 0.060547
3 0.514648 0.335938 0.138672 0.179688
3 0.625977 0.372070 0.076172 0.091797
3 0.705078 0.422852 0.046875 0.052734
3 0.728516 0.350586 0.058594 0.044922
3 0.672852 0.180664 0.072266 0.083984
3 0.324219 0.195312 0.117188 0.121094
3 0.127930 0.490234 0.056641 0.042969
3 0.287109 0.636719 0.050781 0.031250
3 0.722656 0.691406 0.042969 0.140625
3 0.683594 0.712891 0.054688 0.046875
3 0.454102 0.170898 0.205078 0.103516
