3 0.372070 0.627930 0.091797 0.119141
3 0.756836 0.575195 0.123047 0.126953
3 0.455078 0.196289 0.082031 0.068359
3 0.550781 0.302734 0.042969 0.062500
3 0.482422 0.669922 0.109375 0.191406
3 0.580078 0.666016 0.093750 0.062500
3 0.335938 0.820312 0.062500 0.101562
3 0.274414 0.636719 0.044922 0.101562
3 0.281250 0.314453 0.050781 0.117188
3 0.709961 0.359375 0.041016 0.046875
3 0.875977 0.500977 0.060547 0.056641
3 0.516602 0.852539 0.123047 0.060547
3 0.660156 0.782227 0.097656 0.119141
3 0.756836 0.698242 0.041016 0.052734
