3 0.583984 0.246094 0.191406 0.093750
3 0.625000 0.625977 0.117188 0.068359
3 0.208984 0.555664 0.105469 0.095703
3 0.292969 0.450195 0.074219 0.068359
3 0.319336 0.726562 0.111328 0.042969
3 0.666016 0.416016 0.062500 0.066406
3 0.674805 0.533203 0.212891 0.125000
3 0.749023 0.273438 0.158203 0.175781
3 0.838867 0.442383 0.123047 0.166016
3 0.822266 0.656250 0.097656 0.058594
3 0.364258 0.291992 0.044922 0.056641
3 0.521484 0.136719 0.062500 0.070312
3 0.583984 0.711914 0.066406 0.048828
3 0.654297 0.717773 0.035156 0.060547
