3 0.263672 0.407227 0.097656 0.126953
3 0.410156 0.337891 0.101562 0.074219
3 0.474609 0.717773 0.074219 0.068359
3 0.556641 0.825195 0.093750 0.087891
3 0.530273 0.330078 0.111328 0.179688
3 0.625977 0.369141 0.076172 0.093750
3 0.735352 0.341797 0.060547 0.058594
3 0.713867 0.422852 0.041016 0.056641
3 0.291016 0.635742 0.058594 0.044922
3 0.138672 0.492188 0.070312 0.058594
3 0.668945 0.192383 0.080078 0.087891
3 0.307617 0.230469 0.099609 0.089844
3 0.386719 0.183594 0.058594 0.105469
3 0.490234 0.162109 0.097656 0.042969
3 0.730469 0.686523 0.066406 0.138672
