3 0.266602 0.419922 0.119141 0.164062
3 0.416992 0.342773 0.091797 0.076172
3 0.447266 0.687500 0.039062 0.066406
3 0.555664 0.809570 0.083984 0.083984
3 0.733398 0.680664 0.037109 0.138672
3 0.292969 0.636719 0.050781 0.042969
3 0.136719 0.490234 0.062500 0.039062
3 0.326172 0.227539 0.089844 0.083984
3 0.424805 0.169922 0.162109 0.070312
3 0.525391 0.327148 0.125000 0.173828
3 0.618164 0.377930 0.068359 0.095703
3 0.704102 0.420898 0.029297 0.041016
3 0.726562 0.331055 0.054688 0.087891
3 0.667969 0.179688 0.089844 0.085938
3 0.411133 0.233398 0.095703 0.048828
3 0.232422 0.262695 0.113281 0.048828
