3 0.625977 0.621094 0.126953 0.109375
3 0.594727 0.119141 0.091797 0.101562
3 0.490234 0.247070 0.062500 0.201172
3 0.615234 0.232422 0.085938 0.121094
3 0.547852 0.307617 0.044922 0.123047
3 0.602539 0.385742 0.080078 0.099609
3 0.578125 0.496094 0.082031 0.121094
3 0.486328 0.393555 0.035156 0.064453
3 0.443359 0.406250 0.050781 0.093750
3 0.760742 0.590820 0.103516 0.064453
3 0.625000 0.812500 0.089844 0.144531
3 0.743164 0.688477 0.072266 0.056641
3 0.714844 0.757812 0.046875 0.035156
3 0.532227 0.764648 0.044922 0.041016
3 0.455078 0.521484 0.046875 0.050781
