3 0.347656 0.329102 0.089844 0.068359
3 0.349609 0.408203 0.070312 0.050781
3 0.242188 0.494141 0.191406 0.109375
3 0.184570 0.632812 0.087891 0.074219
3 0.323242 0.600586 0.134766 0.107422
3 0.365234 0.700195 0.160156 0.115234
3 0.500977 0.607422 0.064453 0.070312
3 0.582031 0.573242 0.082031 0.091797
3 0.496094 0.388672 0.066406 0.089844
3 0.540039 0.417969 0.060547 0.074219
3 0.409180 0.559570 0.068359 0.064453
3 0.742188 0.470703 0.054688 0.097656
3 0.803711 0.398438 0.095703 0.105469
3 0.645508 0.346680 0.080078 0.107422
3 0.696289 0.308594 0.060547 0.078125
3 0.726562 0.250000 0.050781 0.058594
3 0.796875 0.260742 0.062500 0.076172
