3 0.341797 0.343750 0.105469 0.085938
3 0.352539 0.413086 0.064453 0.041016
3 0.278320 0.476562 0.142578 0.105469
3 0.237305 0.565430 0.146484 0.154297
3 0.341797 0.586914 0.085938 0.076172
3 0.342773 0.696289 0.189453 0.123047
3 0.412109 0.566406 0.066406 0.066406
3 0.506836 0.616211 0.087891 0.091797
3 0.557617 0.558594 0.107422 0.085938
3 0.761719 0.478516 0.097656 0.113281
3 0.834961 0.388672 0.099609 0.101562
3 0.797852 0.259766 0.048828 0.050781
3 0.717773 0.278320 0.076172 0.123047
3 0.653320 0.358398 0.123047 0.080078
3 0.510742 0.390625 0.134766 0.101562
