3 0.289062 0.523438 0.164062 0.125000
3 0.346680 0.403320 0.142578 0.091797
3 0.709961 0.202148 0.134766 0.076172
3 0.687500 0.305664 0.093750 0.083984
3 0.537109 0.274414 0.089844 0.080078
3 0.533203 0.442383 0.113281 0.208984
3 0.625000 0.449219 0.054688 0.062500
3 0.666016 0.529297 0.109375 0.070312
3 0.385742 0.613281 0.087891 0.113281
3 0.554688 0.612305 0.179688 0.087891
3 0.541016 0.686523 0.246094 0.107422
3 0.740234 0.665039 0.085938 0.134766
3 0.555664 0.801758 0.181641 0.126953
3 0.447266 0.897461 0.179688 0.091797
