3 0.332031 0.325195 0.089844 0.083984
3 0.200195 0.430664 0.083984 0.091797
3 0.124023 0.458984 0.060547 0.035156
3 0.185547 0.589844 0.113281 0.101562
3 0.295898 0.572266 0.076172 0.097656
3 0.383789 0.631836 0.048828 0.056641
3 0.434570 0.568359 0.044922 0.070312
3 0.520508 0.650391 0.083984 0.070312
3 0.657227 0.576172 0.083984 0.066406
3 0.542969 0.476562 0.105469 0.109375
3 0.422852 0.486328 0.119141 0.046875
3 0.554688 0.580078 0.066406 0.050781
3 0.666992 0.366211 0.080078 0.138672
3 0.570312 0.309570 0.074219 0.076172
