3 0.669922 0.237305 0.105469 0.134766
3 0.528320 0.287109 0.099609 0.121094
3 0.398438 0.450195 0.148438 0.154297
3 0.234375 0.448242 0.136719 0.107422
3 0.247070 0.603516 0.087891 0.074219
3 0.231445 0.734375 0.076172 0.093750
3 0.121094 0.791016 0.132812 0.070312
3 0.268555 0.847656 0.115234 0.105469
3 0.411133 0.749023 0.060547 0.083984
3 0.633789 0.544922 0.048828 0.046875
3 0.699219 0.473633 0.046875 0.068359
3 0.884766 0.328125 0.058594 0.066406
3 0.692383 0.693359 0.083984 0.105469
3 0.610352 0.625000 0.044922 0.058594
