2 0.524414 0.525391 0.123047 0.148438
2 0.516602 0.252930 0.033203 0.044922
2 0.453125 0.228516 0.011719 0.019531
2 0.449219 0.267578 0.019531 0.019531
2 0.568359 0.237305 0.031250 0.044922
2 0.655273 0.200195 0.041016 0.037109
2 0.719727 0.277344 0.009766 0.027344
2 0.672852 0.337891 0.021484 0.031250
2 0.773438 0.306641 0.035156 0.031250
2 0.830078 0.293945 0.015625 0.013672
2 0.829102 0.352539 0.025391 0.037109
2 0.863281 0.413086 0.019531 0.025391
2 0.678711 0.401367 0.021484 0.021484
2 0.574219 0.402344 0.011719 0.015625
2 0.595703 0.404297 0.011719 0.015625
2 0.849609 0.550781 0.035156 0.058594
2 0.919922 0.611328 0.027344 0.093750
2 0.873047 0.634766 0.019531 0.031250
2 0.763672 0.585938 0.011719 0.019531
2 0.777344 0.630859 0.011719 0.011719
2 0.408203 0.672852 0.027344 0.060547
2 0.660156 0.826172 0.027344 0.070312
2 0.193359 0.265625 0.042969 0.015625
2 0.157227 0.303711 0.025391 0.033203
2 0.315430 0.322266 0.021484 0.035156
2 0.179688 0.435547 0.019531 0.031250
2 0.182617 0.514648 0.017578 0.025391
2 0.211914 0.613281 0.021484 0.019531
2 0.065430 0.608398 0.064453 0.080078
2 0.014648 0.654297 0.025391 0.035156
2 0.241211 0.675781 0.009766 0.015625
2 0.526367 0.793945 0.013672 0.017578
