2 0.617188 0.078125 0.093750 0.054688
2 0.632812 0.129883 0.031250 0.021484
2 0.557617 0.155273 0.056641 0.033203
2 0.409180 0.137695 0.017578 0.017578
2 0.355469 0.178711 0.031250 0.029297
2 0.266602 0.181641 0.048828 0.039062
2 0.306641 0.227539 0.027344 0.033203
2 0.274414 0.280273 0.025391 0.017578
2 0.336914 0.326172 0.033203 0.023438
2 0.401367 0.322266 0.025391 0.015625
2 0.586914 0.238281 0.017578 0.019531
2 0.228516 0.234375 0.019531 0.011719
2 0.204102 0.308594 0.017578 0.011719
2 0.204102 0.349609 0.029297 0.027344
2 0.239258 0.430664 0.029297 0.044922
2 0.253906 0.483398 0.035156 0.029297
2 0.405273 0.405273 0.013672 0.009766
2 0.400391 0.425781 0.019531 0.011719
2 0.192383 0.444336 0.021484 0.025391
2 0.230469 0.541992 0.027344 0.013672
2 0.269531 0.546875 0.019531 0.011719
2 0.529297 0.476562 0.144531 0.121094
2 0.323242 0.680664 0.033203 0.021484
2 0.261719 0.807617 0.023438 0.033203
2 0.301758 0.842773 0.029297 0.025391
2 0.433594 0.822266 0.035156 0.027344
2 0.510742 0.817383 0.017578 0.013672
2 0.602539 0.934570 0.083984 0.076172
2 0.651367 0.988281 0.037109 0.023438
2 0.613281 0.789062 0.015625 0.015625
2 0.676758 0.760742 0.021484 0.017578
2 0.669922 0.590820 0.054688 0.025391
2 0.794922 0.471680 0.015625 0.013672
2 0.827148 0.346680 0.072266 0.025391
