2 0.522461 0.533203 0.126953 0.152344
2 0.457031 0.229492 0.019531 0.025391
2 0.450195 0.267578 0.013672 0.019531
2 0.520508 0.253906 0.033203 0.039062
2 0.570312 0.245117 0.027344 0.041016
2 0.717773 0.276367 0.009766 0.021484
2 0.672852 0.334961 0.025391 0.033203
2 0.778320 0.305664 0.029297 0.037109
2 0.829102 0.351562 0.029297 0.039062
2 0.839844 0.300781 0.027344 0.027344
2 0.576172 0.397461 0.011719 0.013672
2 0.596680 0.405273 0.013672 0.021484
2 0.678711 0.405273 0.017578 0.025391
2 0.866211 0.412109 0.013672 0.027344
2 0.844727 0.553711 0.029297 0.056641
2 0.764648 0.585938 0.009766 0.019531
2 0.922852 0.617188 0.029297 0.082031
2 0.870117 0.629883 0.021484 0.037109
2 0.778320 0.630859 0.009766 0.011719
2 0.408203 0.672852 0.027344 0.052734
2 0.656250 0.822266 0.031250 0.082031
2 0.190430 0.263672 0.044922 0.019531
2 0.154297 0.299805 0.027344 0.033203
2 0.315430 0.323242 0.021484 0.037109
2 0.176758 0.437500 0.025391 0.035156
2 0.182617 0.512695 0.017578 0.025391
2 0.209961 0.611328 0.017578 0.023438
2 0.238281 0.677734 0.011719 0.019531
2 0.056641 0.606445 0.035156 0.068359
2 0.012695 0.661133 0.021484 0.048828
2 0.526367 0.795898 0.009766 0.013672
