2 0.776367 0.306641 0.037109 0.031250
2 0.828125 0.352539 0.031250 0.041016
2 0.839844 0.303711 0.035156 0.037109
2 0.719727 0.272461 0.017578 0.021484
2 0.650391 0.197266 0.031250 0.023438
2 0.566406 0.237305 0.035156 0.037109
2 0.514648 0.250977 0.021484 0.037109
2 0.455078 0.230469 0.027344 0.023438
2 0.450195 0.272461 0.013672 0.021484
2 0.317383 0.321289 0.029297 0.029297
2 0.674805 0.335938 0.017578 0.031250
2 0.679688 0.399414 0.023438 0.029297
2 0.574219 0.396484 0.011719 0.015625
2 0.596680 0.405273 0.013672 0.017578
2 0.525391 0.530273 0.132812 0.150391
2 0.862305 0.410156 0.017578 0.019531
2 0.848633 0.553711 0.033203 0.064453
2 0.765625 0.587891 0.015625 0.027344
2 0.775391 0.628906 0.011719 0.015625
2 0.923828 0.613281 0.035156 0.105469
2 0.873047 0.630859 0.023438 0.039062
2 0.406250 0.666992 0.027344 0.048828
2 0.661133 0.825195 0.025391 0.056641
2 0.192383 0.261719 0.033203 0.023438
2 0.158203 0.305664 0.023438 0.048828
2 0.177734 0.435547 0.023438 0.031250
2 0.182617 0.510742 0.009766 0.025391
2 0.211914 0.611328 0.017578 0.019531
2 0.239258 0.674805 0.009766 0.017578
2 0.058594 0.608398 0.054688 0.080078
2 0.015625 0.656250 0.027344 0.046875
