2 0.479492 0.529297 0.126953 0.144531
2 0.225586 0.305664 0.029297 0.029297
2 0.153320 0.305664 0.009766 0.013672
2 0.166016 0.291016 0.015625 0.011719
2 0.235352 0.230469 0.009766 0.015625
2 0.348633 0.201172 0.029297 0.027344
2 0.278320 0.274414 0.017578 0.021484
2 0.325195 0.334961 0.025391 0.033203
2 0.172852 0.354492 0.025391 0.033203
2 0.133789 0.412109 0.017578 0.019531
2 0.321289 0.400391 0.025391 0.023438
2 0.405273 0.401367 0.013672 0.017578
2 0.424805 0.397461 0.009766 0.017578
2 0.155273 0.554688 0.033203 0.054688
2 0.077148 0.611328 0.048828 0.097656
2 0.126953 0.631836 0.019531 0.037109
2 0.235352 0.588867 0.013672 0.017578
2 0.222656 0.629883 0.007812 0.009766
2 0.593750 0.669922 0.023438 0.050781
2 0.433594 0.236328 0.027344 0.035156
2 0.487305 0.251953 0.025391 0.046875
2 0.543945 0.228516 0.013672 0.031250
2 0.549805 0.270508 0.017578 0.025391
2 0.686523 0.320312 0.017578 0.031250
2 0.842773 0.306641 0.025391 0.031250
2 0.821289 0.437500 0.025391 0.031250
2 0.816406 0.509766 0.011719 0.023438
2 0.789062 0.614258 0.015625 0.017578
2 0.759766 0.676758 0.007812 0.017578
2 0.339844 0.827148 0.035156 0.076172
2 0.940430 0.603516 0.048828 0.082031
2 0.988281 0.647461 0.023438 0.041016
