2 0.190430 0.261719 0.037109 0.019531
2 0.158203 0.311523 0.015625 0.048828
2 0.455078 0.230469 0.019531 0.042969
2 0.448242 0.270508 0.017578 0.017578
2 0.517578 0.250000 0.027344 0.054688
2 0.564453 0.218750 0.046875 0.078125
2 0.656250 0.196289 0.039062 0.037109
2 0.716797 0.274414 0.015625 0.029297
2 0.668945 0.333984 0.021484 0.035156
2 0.777344 0.306641 0.027344 0.031250
2 0.832031 0.356445 0.019531 0.033203
2 0.838867 0.299805 0.025391 0.029297
2 0.316406 0.322266 0.023438 0.031250
2 0.182617 0.435547 0.025391 0.027344
2 0.067383 0.606445 0.064453 0.080078
2 0.014648 0.655273 0.025391 0.052734
2 0.183594 0.508789 0.019531 0.021484
2 0.208984 0.614258 0.019531 0.017578
2 0.239258 0.675781 0.017578 0.015625
2 0.405273 0.668945 0.037109 0.056641
2 0.522461 0.531250 0.123047 0.140625
2 0.652344 0.826172 0.042969 0.070312
2 0.573242 0.395508 0.009766 0.013672
2 0.593750 0.404297 0.011719 0.023438
2 0.678711 0.399414 0.017578 0.021484
2 0.864258 0.410156 0.013672 0.019531
2 0.845703 0.551758 0.027344 0.060547
2 0.920898 0.614258 0.025391 0.087891
2 0.872070 0.628906 0.013672 0.027344
2 0.764648 0.582031 0.009766 0.015625
2 0.780273 0.627930 0.017578 0.017578
