2 0.526367 0.535156 0.119141 0.156250
2 0.650391 0.196289 0.035156 0.029297
2 0.517578 0.252930 0.031250 0.041016
2 0.568359 0.242188 0.046875 0.042969
2 0.455078 0.230469 0.023438 0.027344
2 0.450195 0.269531 0.013672 0.015625
2 0.764648 0.230469 0.009766 0.015625
2 0.718750 0.277344 0.015625 0.027344
2 0.772461 0.304688 0.033203 0.035156
2 0.827148 0.353516 0.029297 0.035156
2 0.673828 0.333984 0.027344 0.031250
2 0.679688 0.402344 0.023438 0.023438
2 0.575195 0.400391 0.013672 0.015625
2 0.594727 0.404297 0.009766 0.015625
2 0.863281 0.411133 0.019531 0.021484
2 0.846680 0.553711 0.033203 0.064453
2 0.765625 0.586914 0.007812 0.017578
2 0.779297 0.629883 0.011719 0.013672
2 0.874023 0.630859 0.017578 0.031250
2 0.920898 0.617188 0.029297 0.089844
2 0.406250 0.666992 0.023438 0.048828
2 0.193359 0.264648 0.031250 0.025391
2 0.157227 0.305664 0.029297 0.041016
2 0.316406 0.320312 0.019531 0.035156
2 0.176758 0.433594 0.025391 0.031250
2 0.180664 0.512695 0.009766 0.017578
2 0.211914 0.615234 0.017578 0.011719
2 0.057617 0.604492 0.037109 0.068359
2 0.014648 0.650391 0.025391 0.027344
2 0.239258 0.675781 0.009766 0.011719
