2 0.344727 0.177734 0.033203 0.062500
2 0.081055 0.386719 0.044922 0.097656
2 0.126953 0.368164 0.019531 0.029297
2 0.153320 0.447266 0.033203 0.066406
2 0.235352 0.413086 0.009766 0.013672
2 0.595703 0.327148 0.031250 0.052734
2 0.479492 0.469727 0.126953 0.146484
2 0.133789 0.587891 0.017578 0.023438
2 0.170898 0.644531 0.029297 0.039062
2 0.319336 0.595703 0.021484 0.023438
2 0.406250 0.594727 0.007812 0.013672
2 0.426758 0.597656 0.013672 0.015625
2 0.330078 0.662109 0.027344 0.031250
2 0.224609 0.694336 0.035156 0.033203
2 0.173828 0.722656 0.042969 0.066406
2 0.281250 0.723633 0.015625 0.021484
2 0.359375 0.802734 0.042969 0.031250
2 0.336914 0.767578 0.009766 0.019531
2 0.311523 0.792969 0.013672 0.015625
2 0.434570 0.760742 0.037109 0.037109
2 0.448242 0.809570 0.029297 0.021484
2 0.484375 0.750977 0.023438 0.048828
2 0.545898 0.772461 0.021484 0.025391
2 0.683594 0.679688 0.027344 0.035156
2 0.845703 0.696289 0.019531 0.041016
2 0.809570 0.733398 0.033203 0.029297
2 0.822266 0.561523 0.023438 0.033203
2 0.819336 0.486328 0.013672 0.015625
2 0.788086 0.384766 0.013672 0.015625
2 0.944336 0.385742 0.064453 0.087891
2 0.985352 0.352539 0.029297 0.037109
