2 0.603516 0.301758 0.085938 0.080078
2 0.432617 0.210938 0.021484 0.027344
2 0.033203 0.536133 0.039062 0.048828
2 0.049805 0.587891 0.029297 0.031250
2 0.133789 0.547852 0.025391 0.029297
2 0.466797 0.477539 0.027344 0.044922
2 0.541016 0.467773 0.023438 0.029297
2 0.595703 0.488281 0.046875 0.085938
2 0.681641 0.522461 0.054688 0.091797
2 0.402344 0.617188 0.011719 0.015625
2 0.768555 0.615234 0.056641 0.066406
2 0.500977 0.284180 0.013672 0.017578
2 0.472656 0.326172 0.007812 0.011719
2 0.845703 0.348633 0.019531 0.021484
