2 0.398438 0.299805 0.089844 0.091797
2 0.318359 0.523438 0.062500 0.085938
2 0.409180 0.491211 0.048828 0.095703
2 0.459961 0.463867 0.037109 0.044922
2 0.533203 0.477539 0.027344 0.037109
2 0.241211 0.621094 0.056641 0.062500
2 0.595703 0.612305 0.011719 0.017578
2 0.866211 0.549805 0.017578 0.025391
2 0.972656 0.535156 0.039062 0.058594
2 0.951172 0.586914 0.023438 0.037109
2 0.566406 0.210938 0.015625 0.027344
2 0.500977 0.287109 0.021484 0.027344
2 0.531250 0.334961 0.015625 0.025391
2 0.155273 0.350586 0.025391 0.029297
