2 0.237305 0.386719 0.060547 0.062500
2 0.318359 0.471680 0.054688 0.087891
2 0.405273 0.505859 0.041016 0.082031
2 0.459961 0.533203 0.033203 0.039062
2 0.533203 0.520508 0.027344 0.037109
2 0.594727 0.384766 0.017578 0.023438
2 0.398438 0.696289 0.085938 0.076172
2 0.501953 0.717773 0.019531 0.017578
2 0.569336 0.786133 0.021484 0.029297
2 0.950195 0.412109 0.033203 0.035156
2 0.972656 0.461914 0.042969 0.056641
2 0.860352 0.449219 0.017578 0.023438
2 0.305664 0.695312 0.025391 0.023438
2 0.153320 0.648438 0.025391 0.031250
