2 0.605469 0.295898 0.093750 0.087891
2 0.430664 0.210938 0.017578 0.023438
2 0.499023 0.284180 0.013672 0.017578
2 0.471680 0.327148 0.013672 0.021484
2 0.467773 0.475586 0.029297 0.041016
2 0.539062 0.463867 0.031250 0.033203
2 0.596680 0.490234 0.048828 0.085938
2 0.682617 0.516602 0.044922 0.091797
2 0.848633 0.350586 0.021484 0.025391
2 0.771484 0.620117 0.066406 0.060547
2 0.403320 0.615234 0.013672 0.019531
2 0.136719 0.547852 0.015625 0.021484
2 0.031250 0.535156 0.046875 0.054688
2 0.054688 0.586914 0.023438 0.037109
