2 0.034180 0.537109 0.056641 0.058594
2 0.048828 0.586914 0.035156 0.025391
2 0.433594 0.212891 0.015625 0.027344
2 0.602539 0.303711 0.091797 0.095703
2 0.501953 0.281250 0.007812 0.019531
2 0.472656 0.331055 0.015625 0.029297
2 0.468750 0.475586 0.027344 0.041016
2 0.540039 0.466797 0.029297 0.035156
2 0.594727 0.488281 0.044922 0.089844
2 0.686523 0.525391 0.056641 0.093750
2 0.399414 0.613281 0.013672 0.019531
2 0.764648 0.612305 0.060547 0.052734
2 0.694336 0.307617 0.021484 0.021484
2 0.848633 0.345703 0.021484 0.031250
