2 0.884766 0.372070 0.109375 0.099609
2 0.837891 0.434570 0.019531 0.029297
2 0.826172 0.618164 0.027344 0.037109
2 0.786133 0.809570 0.060547 0.099609
2 0.474609 0.328125 0.035156 0.019531
2 0.553711 0.485352 0.037109 0.048828
2 0.485352 0.591797 0.041016 0.042969
2 0.518555 0.663086 0.037109 0.056641
2 0.448242 0.779297 0.072266 0.082031
2 0.506836 0.871094 0.021484 0.019531
2 0.611328 0.859375 0.011719 0.027344
2 0.318359 0.877930 0.019531 0.037109
2 0.260742 0.708984 0.021484 0.023438
2 0.156250 0.823242 0.019531 0.025391
