2 0.272461 0.542969 0.048828 0.054688
2 0.445312 0.394531 0.394531 0.234375
2 0.207031 0.450195 0.093750 0.083984
2 0.220703 0.389648 0.058594 0.033203
2 0.231445 0.333984 0.033203 0.078125
2 0.459961 0.245117 0.369141 0.083984
2 0.691406 0.544922 0.089844 0.375000
2 0.533203 0.547852 0.230469 0.068359
2 0.606445 0.685547 0.076172 0.207031
2 0.521484 0.670898 0.097656 0.169922
2 0.755859 0.532227 0.027344 0.349609
2 0.811523 0.511719 0.080078 0.125000
2 0.803711 0.413086 0.068359 0.072266
2 0.787109 0.596680 0.031250 0.048828
