2 0.465820 0.583984 0.091797 0.093750
2 0.756836 0.492188 0.041016 0.039062
2 0.211914 0.668945 0.013672 0.013672
2 0.238281 0.493164 0.011719 0.013672
2 0.400391 0.417969 0.007812 0.011719
2 0.442383 0.253906 0.009766 0.011719
2 0.428711 0.345703 0.009766 0.007812
2 0.679688 0.333984 0.007812 0.011719
2 0.779297 0.244141 0.007812 0.011719
2 0.602539 0.386719 0.013672 0.015625
2 0.520508 0.459961 0.037109 0.017578
2 0.699219 0.541016 0.015625 0.015625
2 0.698242 0.568359 0.013672 0.019531
2 0.611328 0.687500 0.019531 0.031250
2 0.695312 0.484375 0.015625 0.015625
