2 0.335938 0.609375 0.042969 0.035156
2 0.395508 0.570312 0.064453 0.089844
2 0.475586 0.293945 0.033203 0.048828
2 0.659180 0.342773 0.060547 0.044922
2 0.573242 0.462891 0.021484 0.035156
2 0.517578 0.599609 0.078125 0.054688
2 0.620117 0.755859 0.037109 0.035156
2 0.199219 0.795898 0.101562 0.033203
2 0.264648 0.849609 0.037109 0.031250
2 0.446289 0.106445 0.044922 0.068359
2 0.396484 0.027344 0.035156 0.050781
2 0.690430 0.042969 0.033203 0.039062
2 0.448242 0.212891 0.033203 0.046875
2 0.771484 0.869141 0.105469 0.121094
