2 0.386719 0.234375 0.027344 0.046875
2 0.480469 0.397461 0.078125 0.056641
2 0.634766 0.415039 0.089844 0.111328
2 0.429688 0.545898 0.050781 0.048828
2 0.344727 0.658203 0.056641 0.058594
2 0.527344 0.713867 0.039062 0.044922
2 0.708984 0.678711 0.054688 0.087891
2 0.551758 0.882812 0.029297 0.062500
2 0.607422 0.963867 0.039062 0.060547
2 0.552734 0.778320 0.027344 0.048828
2 0.306641 0.952148 0.054688 0.033203
2 0.235352 0.135742 0.123047 0.087891
2 0.812500 0.200195 0.125000 0.048828
2 0.733398 0.146484 0.033203 0.031250
