2 0.198242 0.446289 0.041016 0.076172
2 0.318359 0.444336 0.035156 0.044922
2 0.371094 0.457031 0.046875 0.058594
2 0.444336 0.503906 0.056641 0.058594
2 0.496094 0.533203 0.066406 0.097656
2 0.477539 0.375000 0.037109 0.058594
2 0.585938 0.394531 0.070312 0.097656
2 0.733398 0.439453 0.033203 0.042969
2 0.827148 0.432617 0.095703 0.048828
2 0.649414 0.601562 0.044922 0.035156
2 0.715820 0.607422 0.064453 0.101562
2 0.498047 0.649414 0.046875 0.056641
2 0.573242 0.635742 0.041016 0.052734
2 0.225586 0.576172 0.068359 0.070312
2 0.339844 0.568359 0.078125 0.074219
2 0.334961 0.701172 0.068359 0.093750
