2 0.274414 0.406250 0.056641 0.062500
2 0.352539 0.397461 0.052734 0.037109
2 0.436523 0.364258 0.064453 0.048828
2 0.506836 0.360352 0.044922 0.056641
2 0.488281 0.477539 0.109375 0.056641
2 0.565430 0.495117 0.029297 0.056641
2 0.645508 0.550781 0.064453 0.046875
2 0.788086 0.553711 0.041016 0.056641
2 0.808594 0.498047 0.027344 0.042969
2 0.792969 0.427734 0.046875 0.085938
2 0.675781 0.441406 0.101562 0.062500
2 0.666016 0.293945 0.062500 0.060547
2 0.172852 0.557617 0.068359 0.037109
2 0.263672 0.574219 0.050781 0.035156
2 0.344727 0.503906 0.072266 0.085938
2 0.392578 0.613281 0.101562 0.082031
2 0.516602 0.638672 0.033203 0.042969
2 0.166016 0.397461 0.097656 0.060547
