2 0.165039 0.439453 0.052734 0.042969
2 0.255859 0.431641 0.031250 0.031250
2 0.275391 0.591797 0.058594 0.074219
2 0.410156 0.403320 0.097656 0.068359
2 0.528320 0.366211 0.037109 0.041016
2 0.630859 0.455078 0.035156 0.050781
2 0.564453 0.503906 0.046875 0.082031
2 0.499023 0.526367 0.068359 0.076172
2 0.521484 0.654297 0.035156 0.074219
2 0.361328 0.604492 0.046875 0.044922
2 0.444336 0.628906 0.068359 0.066406
2 0.670898 0.553711 0.103516 0.056641
2 0.795898 0.448242 0.029297 0.080078
2 0.794922 0.559570 0.074219 0.126953
2 0.666992 0.439453 0.033203 0.058594
2 0.357422 0.502930 0.042969 0.083984
2 0.155273 0.573242 0.087891 0.103516
