2 0.440430 0.287109 0.115234 0.082031
2 0.514648 0.391602 0.044922 0.068359
2 0.662109 0.165039 0.066406 0.044922
2 0.747070 0.198242 0.052734 0.033203
2 0.776367 0.295898 0.060547 0.060547
2 0.541016 0.091797 0.058594 0.039062
2 0.364258 0.140625 0.072266 0.050781
2 0.570312 0.701172 0.058594 0.046875
2 0.517578 0.777344 0.078125 0.082031
2 0.502930 0.966797 0.126953 0.066406
2 0.673828 0.906250 0.082031 0.062500
2 0.175781 0.417969 0.113281 0.183594
2 0.890625 0.430664 0.046875 0.044922
2 0.871094 0.195312 0.050781 0.042969
2 0.860352 0.245117 0.033203 0.029297
