2 0.193359 0.132812 0.027344 0.042969
2 0.250000 0.144531 0.027344 0.027344
2 0.208008 0.254883 0.080078 0.064453
2 0.296875 0.230469 0.070312 0.062500
2 0.393555 0.225586 0.080078 0.052734
2 0.430664 0.135742 0.068359 0.048828
2 0.163086 0.348633 0.064453 0.044922
2 0.300781 0.550781 0.097656 0.074219
2 0.394531 0.492188 0.117188 0.074219
2 0.703125 0.432617 0.074219 0.052734
2 0.770508 0.481445 0.044922 0.052734
2 0.848633 0.431641 0.029297 0.042969
2 0.965820 0.504883 0.068359 0.115234
2 0.139648 0.633789 0.056641 0.056641
2 0.104492 0.484375 0.056641 0.066406
2 0.418945 0.836914 0.169922 0.056641
