2 0.483398 0.499023 0.080078 0.080078
2 0.500977 0.567383 0.060547 0.037109
2 0.544922 0.628906 0.046875 0.039062
2 0.599609 0.403320 0.109375 0.044922
2 0.572266 0.163086 0.062500 0.044922
2 0.570312 0.257812 0.050781 0.042969
2 0.414062 0.279297 0.074219 0.046875
2 0.408203 0.363281 0.058594 0.062500
2 0.372070 0.429688 0.044922 0.027344
2 0.352539 0.518555 0.087891 0.068359
2 0.440430 0.646484 0.060547 0.035156
2 0.445312 0.697266 0.035156 0.046875
2 0.548828 0.803711 0.121094 0.044922
2 0.627930 0.525391 0.029297 0.031250
2 0.467773 0.126953 0.064453 0.031250
