2 0.610352 0.493164 0.041016 0.037109
2 0.482422 0.535156 0.074219 0.050781
2 0.524414 0.683594 0.037109 0.046875
2 0.555664 0.796875 0.064453 0.105469
2 0.485352 0.849609 0.060547 0.042969
2 0.554688 0.930664 0.066406 0.041016
2 0.654297 0.842773 0.066406 0.068359
2 0.700195 0.792969 0.048828 0.039062
2 0.406250 0.189453 0.078125 0.089844
2 0.355469 0.281250 0.054688 0.074219
2 0.532227 0.263672 0.060547 0.066406
2 0.589844 0.179688 0.074219 0.062500
2 0.520508 0.068359 0.048828 0.058594
2 0.242188 0.640625 0.160156 0.484375
