2 0.537109 0.522461 0.054688 0.068359
2 0.691406 0.473633 0.035156 0.041016
2 0.785156 0.462891 0.039062 0.039062
2 0.853516 0.523438 0.046875 0.046875
2 0.938477 0.458008 0.064453 0.048828
2 0.851562 0.367188 0.082031 0.058594
2 0.796875 0.297852 0.035156 0.021484
2 0.503906 0.391602 0.042969 0.041016
2 0.265625 0.476562 0.039062 0.042969
2 0.312500 0.657227 0.027344 0.056641
2 0.270508 0.637695 0.037109 0.033203
2 0.182617 0.667969 0.037109 0.035156
2 0.194336 0.587891 0.072266 0.050781
2 0.068359 0.477539 0.050781 0.041016
2 0.180664 0.412109 0.068359 0.046875
