2 0.532227 0.067383 0.056641 0.044922
2 0.418945 0.195312 0.083984 0.062500
2 0.353516 0.279297 0.058594 0.085938
2 0.527344 0.259766 0.050781 0.042969
2 0.594727 0.181641 0.052734 0.050781
2 0.601562 0.503906 0.023438 0.058594
2 0.628906 0.426758 0.035156 0.044922
2 0.482422 0.541992 0.105469 0.052734
2 0.529297 0.681641 0.046875 0.042969
2 0.544922 0.762695 0.039062 0.037109
2 0.487305 0.848633 0.044922 0.044922
2 0.541016 0.935547 0.058594 0.050781
2 0.639648 0.847656 0.056641 0.054688
2 0.561523 0.833008 0.037109 0.033203
2 0.702148 0.795898 0.048828 0.056641
