2 0.591797 0.201172 0.070312 0.050781
2 0.477539 0.250977 0.052734 0.060547
2 0.470703 0.679688 0.031250 0.058594
2 0.524414 0.540039 0.080078 0.076172
2 0.402344 0.498047 0.062500 0.070312
2 0.306641 0.793945 0.027344 0.041016
2 0.359375 0.845703 0.078125 0.058594
2 0.521484 0.852539 0.070312 0.041016
2 0.472656 0.935547 0.074219 0.046875
2 0.441406 0.830078 0.039062 0.031250
2 0.484375 0.076172 0.074219 0.058594
2 0.412109 0.166016 0.050781 0.074219
2 0.665039 0.314453 0.052734 0.046875
2 0.641602 0.264648 0.041016 0.041016
2 0.657227 0.190430 0.037109 0.037109
