2 0.534180 0.458008 0.080078 0.052734
2 0.599609 0.801758 0.078125 0.068359
2 0.489258 0.741211 0.068359 0.037109
2 0.418945 0.830078 0.064453 0.054688
2 0.486328 0.928711 0.062500 0.056641
2 0.658203 0.767578 0.066406 0.117188
2 0.665039 0.682617 0.037109 0.029297
2 0.391602 0.505859 0.041016 0.039062
2 0.466797 0.310547 0.078125 0.042969
2 0.462891 0.235352 0.062500 0.037109
2 0.441406 0.159180 0.042969 0.041016
2 0.518555 0.152344 0.044922 0.039062
2 0.461914 0.061523 0.068359 0.044922
2 0.372070 0.157227 0.095703 0.060547
2 0.300781 0.207031 0.058594 0.042969
