2 0.402344 0.200195 0.046875 0.068359
2 0.356445 0.260742 0.041016 0.033203
2 0.342773 0.315430 0.044922 0.041016
2 0.474609 0.532227 0.089844 0.060547
2 0.535156 0.685547 0.046875 0.039062
2 0.546875 0.761719 0.062500 0.046875
2 0.483398 0.839844 0.095703 0.050781
2 0.572266 0.833984 0.046875 0.027344
2 0.540039 0.920898 0.083984 0.052734
2 0.648438 0.845703 0.078125 0.062500
2 0.711914 0.797852 0.056641 0.052734
2 0.604492 0.499023 0.052734 0.044922
2 0.529297 0.253906 0.058594 0.046875
2 0.416016 0.200195 0.093750 0.060547
2 0.523438 0.073242 0.058594 0.037109
2 0.604492 0.174805 0.072266 0.064453
