2 0.553711 0.187500 0.056641 0.042969
2 0.452148 0.308594 0.080078 0.175781
2 0.663086 0.571289 0.048828 0.087891
2 0.586914 0.554688 0.025391 0.039062
2 0.509766 0.520508 0.046875 0.044922
2 0.410156 0.604492 0.062500 0.083984
2 0.528320 0.619141 0.048828 0.054688
2 0.584961 0.609375 0.064453 0.035156
2 0.587891 0.657227 0.035156 0.037109
2 0.632812 0.651367 0.027344 0.044922
2 0.640625 0.709961 0.039062 0.033203
2 0.554688 0.688477 0.070312 0.041016
2 0.556641 0.856445 0.062500 0.052734
2 0.572266 0.938477 0.082031 0.072266
2 0.463867 0.946289 0.044922 0.072266
