2 0.458984 0.312500 0.101562 0.156250
2 0.560547 0.198242 0.050781 0.052734
2 0.514648 0.523438 0.068359 0.039062
2 0.406250 0.609375 0.050781 0.058594
2 0.551758 0.683594 0.064453 0.050781
2 0.532227 0.625977 0.056641 0.037109
2 0.583008 0.612305 0.048828 0.048828
2 0.590820 0.566406 0.041016 0.023438
2 0.669922 0.582031 0.082031 0.085938
2 0.642578 0.679688 0.058594 0.078125
2 0.563477 0.863281 0.037109 0.042969
2 0.572266 0.939453 0.093750 0.078125
2 0.463867 0.939453 0.044922 0.082031
2 0.422852 0.796875 0.029297 0.058594
