2 0.797852 0.403320 0.083984 0.072266
2 0.921875 0.516602 0.050781 0.064453
2 0.732422 0.526367 0.070312 0.044922
2 0.831055 0.589844 0.064453 0.054688
2 0.459961 0.474609 0.064453 0.054688
2 0.319336 0.526367 0.037109 0.048828
2 0.236328 0.541992 0.046875 0.029297
2 0.157227 0.479492 0.044922 0.044922
2 0.069336 0.535156 0.048828 0.046875
2 0.162109 0.646484 0.082031 0.062500
2 0.210938 0.698242 0.039062 0.037109
2 0.499023 0.598633 0.029297 0.033203
2 0.688477 0.335938 0.025391 0.035156
2 0.735352 0.357422 0.021484 0.027344
2 0.811523 0.333008 0.029297 0.041016
