2 0.454102 0.312500 0.091797 0.156250
2 0.561523 0.193359 0.044922 0.031250
2 0.513672 0.525391 0.054688 0.050781
2 0.416992 0.612305 0.087891 0.068359
2 0.531250 0.626953 0.039062 0.035156
2 0.548828 0.688477 0.050781 0.029297
2 0.666992 0.581055 0.068359 0.076172
2 0.586914 0.558594 0.041016 0.039062
2 0.580078 0.610352 0.062500 0.037109
2 0.620117 0.687500 0.095703 0.101562
2 0.559570 0.859375 0.060547 0.042969
2 0.572266 0.941406 0.062500 0.074219
2 0.465820 0.948242 0.029297 0.072266
2 0.426758 0.794922 0.037109 0.035156
