2 0.459961 0.311523 0.095703 0.169922
2 0.561523 0.192383 0.041016 0.044922
2 0.506836 0.521484 0.064453 0.039062
2 0.406250 0.608398 0.054688 0.068359
2 0.551758 0.690430 0.072266 0.048828
2 0.528320 0.618164 0.044922 0.056641
2 0.580078 0.604492 0.058594 0.044922
2 0.587891 0.561523 0.046875 0.037109
2 0.665039 0.569336 0.072266 0.091797
2 0.638672 0.679688 0.046875 0.070312
2 0.572266 0.914062 0.070312 0.132812
2 0.446289 0.950195 0.087891 0.052734
2 0.430664 0.798828 0.056641 0.035156
2 0.616211 0.438477 0.029297 0.025391
