2 0.686523 0.508789 0.072266 0.060547
2 0.809570 0.578125 0.064453 0.054688
2 0.611328 0.592773 0.058594 0.052734
2 0.530273 0.520508 0.041016 0.041016
2 0.473633 0.631836 0.095703 0.095703
2 0.643555 0.427734 0.044922 0.066406
2 0.588867 0.359375 0.091797 0.054688
2 0.547852 0.247070 0.103516 0.130859
2 0.438477 0.150391 0.044922 0.042969
2 0.372070 0.211914 0.033203 0.048828
2 0.371094 0.295898 0.070312 0.072266
2 0.377930 0.379883 0.181641 0.123047
2 0.313477 0.437500 0.181641 0.062500
2 0.256836 0.299805 0.103516 0.064453
2 0.290039 0.218750 0.123047 0.039062
2 0.237305 0.167969 0.076172 0.058594
