2 0.458984 0.357422 0.101562 0.097656
2 0.604492 0.397461 0.072266 0.083984
2 0.824219 0.416992 0.050781 0.044922
2 0.681641 0.483398 0.058594 0.080078
2 0.637695 0.571289 0.068359 0.056641
2 0.589844 0.649414 0.113281 0.060547
2 0.545898 0.760742 0.107422 0.111328
2 0.526367 0.474609 0.048828 0.046875
2 0.448242 0.623047 0.064453 0.050781
2 0.362305 0.622070 0.130859 0.208984
2 0.228516 0.563477 0.050781 0.044922
2 0.272461 0.714844 0.146484 0.156250
2 0.219727 0.817383 0.119141 0.080078
2 0.451172 0.845703 0.078125 0.054688
2 0.372070 0.783203 0.048828 0.062500
