2 0.641602 0.458008 0.119141 0.123047
2 0.601562 0.608398 0.074219 0.064453
2 0.514648 0.683594 0.068359 0.039062
2 0.580078 0.813477 0.074219 0.056641
2 0.433594 0.641602 0.082031 0.052734
2 0.363281 0.606445 0.046875 0.037109
2 0.358398 0.562500 0.041016 0.039062
2 0.247070 0.535156 0.126953 0.062500
2 0.512695 0.518555 0.060547 0.041016
2 0.411133 0.341797 0.166016 0.136719
2 0.309570 0.378906 0.087891 0.054688
2 0.365234 0.453125 0.074219 0.042969
2 0.166992 0.437500 0.060547 0.054688
2 0.212891 0.362305 0.050781 0.041016
2 0.249023 0.243164 0.197266 0.130859
2 0.432617 0.231445 0.052734 0.037109
