2 0.407227 0.202148 0.056641 0.060547
2 0.358398 0.291992 0.060547 0.080078
2 0.333008 0.186523 0.041016 0.037109
2 0.529297 0.065430 0.050781 0.048828
2 0.542969 0.268555 0.062500 0.068359
2 0.601562 0.175781 0.050781 0.058594
2 0.605469 0.491211 0.050781 0.044922
2 0.475586 0.543945 0.072266 0.052734
2 0.527344 0.683594 0.050781 0.042969
2 0.487305 0.845703 0.037109 0.035156
2 0.540039 0.766602 0.048828 0.048828
2 0.543945 0.936523 0.052734 0.033203
2 0.637695 0.843750 0.064453 0.058594
2 0.703125 0.788086 0.050781 0.033203
