2 0.535156 0.637695 0.109375 0.119141
2 0.399414 0.599609 0.072266 0.074219
2 0.317383 0.520508 0.048828 0.048828
2 0.178711 0.579102 0.044922 0.041016
2 0.468750 0.518555 0.046875 0.048828
2 0.362305 0.424805 0.048828 0.056641
2 0.395508 0.364258 0.041016 0.044922
2 0.442383 0.360352 0.044922 0.044922
2 0.465820 0.241211 0.080078 0.115234
2 0.562500 0.159180 0.035156 0.041016
2 0.641602 0.205078 0.048828 0.031250
2 0.776367 0.172852 0.091797 0.068359
2 0.749023 0.292969 0.107422 0.175781
2 0.621094 0.303711 0.074219 0.076172
2 0.683594 0.288086 0.070312 0.087891
2 0.659180 0.396484 0.115234 0.136719
2 0.765625 0.435547 0.050781 0.050781
2 0.343750 0.717773 0.039062 0.021484
