2 0.639648 0.372070 0.134766 0.193359
2 0.544922 0.368164 0.050781 0.044922
2 0.477539 0.518555 0.044922 0.044922
2 0.398438 0.593750 0.082031 0.070312
2 0.537109 0.633789 0.085938 0.103516
2 0.315430 0.513672 0.083984 0.070312
2 0.184570 0.585938 0.052734 0.046875
2 0.356445 0.432617 0.041016 0.076172
2 0.418945 0.357422 0.087891 0.066406
2 0.463867 0.239258 0.080078 0.123047
2 0.562500 0.153320 0.031250 0.044922
2 0.633789 0.214844 0.033203 0.058594
2 0.742188 0.231445 0.101562 0.091797
2 0.788086 0.163086 0.091797 0.052734
