2 0.592773 0.610352 0.068359 0.087891
2 0.539062 0.313477 0.078125 0.158203
2 0.488281 0.519531 0.054688 0.042969
2 0.423828 0.608398 0.054688 0.041016
2 0.476562 0.625000 0.050781 0.039062
2 0.411133 0.653320 0.037109 0.029297
2 0.447266 0.682617 0.058594 0.052734
2 0.472656 0.808594 0.046875 0.031250
2 0.444336 0.861328 0.041016 0.039062
2 0.432617 0.939453 0.095703 0.089844
2 0.355469 0.706055 0.042969 0.044922
2 0.366211 0.655273 0.037109 0.037109
2 0.335938 0.583984 0.058594 0.097656
2 0.440430 0.186523 0.033203 0.060547
