2 0.650391 0.402344 0.132812 0.132812
2 0.626953 0.308594 0.070312 0.085938
2 0.681641 0.292969 0.074219 0.082031
2 0.736328 0.303711 0.058594 0.041016
2 0.758789 0.224609 0.064453 0.070312
2 0.463867 0.237305 0.099609 0.099609
2 0.429688 0.356445 0.113281 0.056641
2 0.364258 0.421875 0.052734 0.058594
2 0.317383 0.507812 0.064453 0.066406
2 0.401367 0.595703 0.080078 0.058594
2 0.469727 0.513672 0.041016 0.039062
2 0.539062 0.642578 0.105469 0.109375
2 0.180664 0.580078 0.044922 0.039062
2 0.344727 0.713867 0.037109 0.041016
2 0.565430 0.157227 0.033203 0.033203
