2 0.651367 0.374023 0.123047 0.212891
2 0.741211 0.258789 0.080078 0.126953
2 0.765625 0.427734 0.062500 0.070312
2 0.791016 0.152344 0.101562 0.070312
2 0.571289 0.160156 0.095703 0.070312
2 0.653320 0.244141 0.080078 0.109375
2 0.541016 0.380859 0.085938 0.058594
2 0.766602 0.424805 0.041016 0.044922
2 0.537109 0.638672 0.085938 0.113281
2 0.473633 0.511719 0.044922 0.042969
2 0.388672 0.591797 0.066406 0.078125
2 0.320312 0.514648 0.066406 0.064453
2 0.360352 0.421875 0.060547 0.089844
2 0.422852 0.358398 0.107422 0.056641
2 0.462891 0.237305 0.070312 0.111328
