2 0.536133 0.355469 0.083984 0.117188
2 0.395508 0.406250 0.064453 0.046875
2 0.474609 0.480469 0.058594 0.050781
2 0.315430 0.489258 0.080078 0.056641
2 0.178711 0.411133 0.060547 0.037109
2 0.358398 0.574219 0.044922 0.046875
2 0.424805 0.641602 0.119141 0.052734
2 0.459961 0.752930 0.076172 0.119141
2 0.545898 0.610352 0.052734 0.060547
2 0.653320 0.611328 0.111328 0.093750
2 0.649414 0.551758 0.150391 0.056641
2 0.626953 0.691406 0.074219 0.085938
2 0.672852 0.717773 0.064453 0.087891
2 0.641602 0.779297 0.048828 0.066406
2 0.562500 0.842773 0.054688 0.044922
2 0.777344 0.829102 0.125000 0.083984
2 0.752930 0.725586 0.087891 0.091797
