1 0.129883 0.447266 0.095703 0.082031
1 0.072266 0.470703 0.058594 0.035156
1 0.019531 0.533203 0.035156 0.062500
1 0.130859 0.543945 0.039062 0.029297
1 0.203125 0.335938 0.054688 0.042969
1 0.295898 0.727539 0.052734 0.041016
1 0.392578 0.350586 0.089844 0.064453
1 0.550781 0.274414 0.093750 0.076172
1 0.549805 0.218750 0.107422 0.035156
1 0.704102 0.283203 0.041016 0.035156
1 0.747070 0.355469 0.048828 0.074219
1 0.794922 0.382812 0.042969 0.089844
1 0.808594 0.490234 0.050781 0.113281
1 0.539062 0.410156 0.128906 0.078125
1 0.478516 0.338867 0.050781 0.056641
1 0.521484 0.490234 0.050781 0.058594
1 0.594727 0.495117 0.072266 0.087891
1 0.676758 0.548828 0.087891 0.074219
1 0.745117 0.485352 0.041016 0.044922
1 0.756836 0.555664 0.056641 0.064453
1 0.678711 0.621094 0.064453 0.058594
1 0.693359 0.664062 0.070312 0.039062
1 0.555664 0.624023 0.037109 0.064453
1 0.597656 0.701172 0.101562 0.058594
1 0.428711 0.292969 0.041016 0.035156
1 0.752930 0.601562 0.064453 0.050781
