1 0.027344 0.538086 0.046875 0.056641
1 0.115234 0.445312 0.113281 0.074219
1 0.200195 0.339844 0.052734 0.054688
1 0.399414 0.367188 0.115234 0.109375
1 0.547852 0.250977 0.119141 0.083984
1 0.545898 0.410156 0.107422 0.066406
1 0.516602 0.493164 0.076172 0.056641
1 0.598633 0.499023 0.064453 0.080078
1 0.670898 0.541016 0.091797 0.074219
1 0.680664 0.627930 0.068359 0.083984
1 0.755859 0.558594 0.042969 0.066406
1 0.748047 0.473633 0.046875 0.044922
1 0.810547 0.495117 0.046875 0.115234
1 0.738281 0.350586 0.066406 0.072266
1 0.705078 0.286133 0.046875 0.033203
1 0.798828 0.378906 0.046875 0.085938
1 0.610352 0.699219 0.044922 0.054688
1 0.563477 0.630859 0.041016 0.058594
1 0.634766 0.626953 0.035156 0.042969
