1 0.018555 0.528320 0.033203 0.029297
1 0.123047 0.443359 0.101562 0.082031
1 0.053711 0.466797 0.029297 0.039062
1 0.194336 0.334961 0.041016 0.056641
1 0.284180 0.371094 0.041016 0.035156
1 0.396484 0.354492 0.105469 0.083984
1 0.431641 0.299805 0.023438 0.033203
1 0.544922 0.252930 0.113281 0.107422
1 0.538086 0.406250 0.123047 0.074219
1 0.554688 0.491211 0.136719 0.083984
1 0.671875 0.541992 0.082031 0.060547
1 0.749023 0.554688 0.041016 0.039062
1 0.747070 0.479492 0.041016 0.052734
1 0.802734 0.486328 0.050781 0.109375
1 0.744141 0.353516 0.054688 0.054688
1 0.709961 0.292969 0.048828 0.042969
1 0.783203 0.349609 0.031250 0.058594
1 0.683594 0.636719 0.058594 0.082031
1 0.558594 0.624023 0.046875 0.072266
1 0.608398 0.701172 0.080078 0.058594
1 0.491211 0.333984 0.064453 0.054688
1 0.467773 0.427734 0.029297 0.085938
1 0.635742 0.625000 0.048828 0.050781
1 0.295898 0.718750 0.044922 0.042969
