1 0.026367 0.537109 0.044922 0.042969
1 0.126953 0.447266 0.066406 0.050781
1 0.065430 0.468750 0.048828 0.050781
1 0.098633 0.418945 0.048828 0.064453
1 0.202148 0.331055 0.052734 0.037109
1 0.274414 0.364258 0.048828 0.041016
1 0.388672 0.351562 0.093750 0.113281
1 0.431641 0.299805 0.054688 0.037109
1 0.480469 0.334961 0.070312 0.068359
1 0.550781 0.253906 0.121094 0.109375
1 0.541016 0.404297 0.113281 0.074219
1 0.468750 0.425781 0.050781 0.066406
1 0.509766 0.488281 0.058594 0.066406
1 0.581055 0.492188 0.099609 0.097656
1 0.671875 0.538086 0.101562 0.076172
1 0.682617 0.633789 0.076172 0.091797
1 0.741211 0.546875 0.060547 0.066406
1 0.558594 0.627930 0.050781 0.056641
1 0.591797 0.698242 0.089844 0.083984
1 0.293945 0.725586 0.052734 0.041016
1 0.706055 0.287109 0.056641 0.042969
1 0.737305 0.347656 0.052734 0.066406
1 0.788086 0.353516 0.029297 0.054688
1 0.811523 0.492188 0.048828 0.117188
1 0.750000 0.483398 0.050781 0.037109
1 0.725586 0.437500 0.048828 0.058594
1 0.793945 0.413086 0.056641 0.033203
1 0.770508 0.602539 0.044922 0.029297
1 0.727539 0.608398 0.025391 0.017578
1 0.627930 0.624023 0.056641 0.048828
