1 0.468750 0.024414 0.062500 0.044922
1 0.572266 0.096680 0.109375 0.107422
1 0.278320 0.293945 0.041016 0.037109
1 0.299805 0.608398 0.076172 0.076172
1 0.358398 0.698242 0.083984 0.056641
1 0.380859 0.556641 0.042969 0.023438
1 0.506836 0.520508 0.080078 0.041016
1 0.591797 0.537109 0.089844 0.085938
1 0.650391 0.402344 0.121094 0.097656
1 0.665039 0.201172 0.052734 0.042969
1 0.753906 0.548828 0.085938 0.125000
1 0.652344 0.738281 0.058594 0.062500
1 0.711914 0.705078 0.033203 0.042969
1 0.519531 0.808594 0.132812 0.039062
1 0.453125 0.749023 0.066406 0.037109
1 0.407227 0.772461 0.044922 0.037109
1 0.455078 0.669922 0.105469 0.085938
1 0.511719 0.593750 0.125000 0.082031
1 0.376953 0.628906 0.058594 0.042969
1 0.633789 0.283203 0.041016 0.039062
