1 0.038086 0.527344 0.072266 0.070312
1 0.121094 0.436523 0.089844 0.080078
1 0.059570 0.465820 0.025391 0.029297
1 0.197266 0.338867 0.042969 0.033203
1 0.397461 0.359375 0.083984 0.101562
1 0.560547 0.273438 0.062500 0.054688
1 0.542969 0.245117 0.093750 0.087891
1 0.707031 0.293945 0.050781 0.041016
1 0.746094 0.354492 0.058594 0.052734
1 0.812500 0.487305 0.054688 0.115234
1 0.676758 0.549805 0.095703 0.064453
1 0.750977 0.547852 0.041016 0.048828
1 0.684570 0.632812 0.083984 0.082031
1 0.519531 0.489258 0.042969 0.068359
1 0.592773 0.492188 0.068359 0.082031
1 0.560547 0.412109 0.144531 0.058594
1 0.597656 0.695312 0.082031 0.062500
1 0.565430 0.622070 0.068359 0.068359
1 0.745117 0.486328 0.048828 0.050781
1 0.496094 0.333984 0.082031 0.066406
1 0.468750 0.426758 0.039062 0.056641
1 0.289062 0.716797 0.050781 0.046875
1 0.238281 0.296875 0.019531 0.019531
