1 0.685547 0.361328 0.078125 0.089844
1 0.594727 0.298828 0.083984 0.058594
1 0.571289 0.362305 0.048828 0.095703
1 0.690430 0.452148 0.166016 0.068359
1 0.585938 0.500000 0.191406 0.089844
1 0.759766 0.527344 0.113281 0.058594
1 0.812500 0.507812 0.042969 0.113281
1 0.392578 0.656250 0.101562 0.113281
1 0.535156 0.585938 0.179688 0.082031
1 0.546875 0.730469 0.105469 0.082031
1 0.568359 0.777344 0.164062 0.039062
1 0.531250 0.657227 0.136719 0.060547
1 0.739258 0.647461 0.052734 0.064453
1 0.703125 0.708984 0.042969 0.035156
1 0.093750 0.567383 0.101562 0.083984
1 0.024414 0.464844 0.044922 0.070312
1 0.291016 0.280273 0.062500 0.029297
1 0.195312 0.658203 0.035156 0.046875
1 0.777344 0.403320 0.039062 0.041016
