1 0.326172 0.448242 0.117188 0.076172
1 0.435547 0.509766 0.125000 0.093750
1 0.317383 0.371094 0.076172 0.074219
1 0.336914 0.330078 0.095703 0.039062
1 0.405273 0.298828 0.068359 0.039062
1 0.440430 0.373047 0.056641 0.058594
1 0.190430 0.507812 0.048828 0.109375
1 0.241211 0.433594 0.056641 0.085938
1 0.257812 0.526367 0.078125 0.064453
1 0.246094 0.642578 0.078125 0.058594
1 0.298828 0.715820 0.042969 0.029297
1 0.441406 0.735352 0.113281 0.095703
1 0.453125 0.587891 0.117188 0.066406
1 0.612305 0.652344 0.091797 0.085938
1 0.529297 0.576172 0.027344 0.066406
1 0.546875 0.678711 0.082031 0.076172
1 0.709961 0.288086 0.060547 0.044922
1 0.972656 0.465820 0.054688 0.044922
1 0.902344 0.569336 0.121094 0.087891
1 0.804688 0.661133 0.046875 0.048828
