1 0.024414 0.536133 0.044922 0.044922
1 0.061523 0.466797 0.041016 0.023438
1 0.123047 0.440430 0.093750 0.087891
1 0.199219 0.335938 0.050781 0.050781
1 0.390625 0.357422 0.117188 0.082031
1 0.423828 0.295898 0.035156 0.025391
1 0.551758 0.248047 0.103516 0.093750
1 0.546875 0.416992 0.113281 0.064453
1 0.523438 0.495117 0.062500 0.056641
1 0.293945 0.722656 0.037109 0.035156
1 0.135742 0.550781 0.037109 0.015625
1 0.595703 0.494141 0.078125 0.082031
1 0.666016 0.546875 0.101562 0.066406
1 0.752930 0.563477 0.056641 0.091797
1 0.680664 0.619141 0.052734 0.050781
1 0.704102 0.665039 0.060547 0.025391
1 0.557617 0.620117 0.048828 0.044922
1 0.608398 0.703125 0.060547 0.050781
1 0.816406 0.494141 0.050781 0.105469
1 0.746094 0.361328 0.042969 0.066406
1 0.708008 0.289062 0.029297 0.035156
1 0.750977 0.487305 0.025391 0.021484
1 0.797852 0.376953 0.044922 0.078125
1 0.487305 0.323242 0.052734 0.041016
1 0.565430 0.317383 0.041016 0.033203
