1 0.350586 0.240234 0.056641 0.062500
1 0.291016 0.296875 0.027344 0.027344
1 0.416016 0.208984 0.046875 0.042969
1 0.495117 0.189453 0.123047 0.046875
1 0.474609 0.260742 0.050781 0.037109
1 0.552734 0.255859 0.062500 0.039062
1 0.602539 0.225586 0.048828 0.037109
1 0.646484 0.309570 0.105469 0.076172
1 0.542969 0.330078 0.109375 0.078125
1 0.491211 0.401367 0.099609 0.076172
1 0.491211 0.484375 0.080078 0.039062
1 0.265625 0.442383 0.117188 0.068359
1 0.432617 0.439453 0.056641 0.074219
1 0.703125 0.401367 0.082031 0.056641
1 0.425781 0.533203 0.078125 0.042969
1 0.329102 0.528320 0.083984 0.056641
1 0.292969 0.577148 0.035156 0.029297
1 0.366211 0.584961 0.083984 0.037109
1 0.347656 0.628906 0.070312 0.039062
1 0.372070 0.714844 0.044922 0.023438
1 0.445312 0.901367 0.101562 0.080078
1 0.536133 0.979492 0.072266 0.041016
1 0.728516 0.709961 0.039062 0.048828
1 0.338867 0.804688 0.048828 0.027344
