1 0.302734 0.259766 0.234375 0.128906
1 0.538086 0.310547 0.251953 0.183594
1 0.690430 0.396484 0.048828 0.042969
1 0.738281 0.369141 0.066406 0.050781
1 0.691406 0.296875 0.085938 0.078125
1 0.478516 0.496094 0.144531 0.160156
1 0.598633 0.434570 0.169922 0.115234
1 0.541016 0.648438 0.210938 0.156250
1 0.742188 0.658203 0.195312 0.175781
1 0.276367 0.516602 0.275391 0.154297
1 0.225586 0.718750 0.173828 0.183594
1 0.250977 0.606445 0.146484 0.064453
1 0.367188 0.697266 0.144531 0.203125
1 0.123047 0.635742 0.058594 0.302734
1 0.250000 0.873047 0.101562 0.023438
1 0.320312 0.937500 0.085938 0.066406
1 0.306641 0.856445 0.074219 0.033203
