1 0.316406 0.178711 0.105469 0.103516
1 0.249023 0.231445 0.107422 0.119141
1 0.336914 0.299805 0.130859 0.091797
1 0.297852 0.361328 0.216797 0.132812
1 0.459961 0.255859 0.177734 0.210938
1 0.427734 0.141602 0.222656 0.068359
1 0.734375 0.306641 0.164062 0.230469
1 0.686523 0.505859 0.181641 0.152344
1 0.683594 0.644531 0.164062 0.128906
1 0.620117 0.727539 0.072266 0.083984
1 0.567383 0.610352 0.134766 0.185547
1 0.496094 0.496094 0.144531 0.132812
1 0.343750 0.543945 0.167969 0.193359
1 0.339844 0.739258 0.167969 0.181641
