1 0.105469 0.529297 0.144531 0.093750
1 0.231445 0.430664 0.123047 0.111328
1 0.404297 0.426758 0.257812 0.205078
1 0.580078 0.228516 0.226562 0.183594
1 0.856445 0.309570 0.259766 0.326172
1 0.693359 0.433594 0.234375 0.128906
1 0.615234 0.550781 0.125000 0.121094
1 0.573242 0.682617 0.173828 0.322266
1 0.365234 0.613281 0.226562 0.128906
1 0.735352 0.547852 0.060547 0.060547
1 0.791016 0.634766 0.238281 0.292969
1 0.788086 0.795898 0.072266 0.083984
1 0.696289 0.843750 0.064453 0.078125
1 0.953125 0.468750 0.039062 0.132812
