1 0.380859 0.283203 0.367188 0.304688
1 0.404297 0.137695 0.273438 0.083984
1 0.725586 0.300781 0.154297 0.234375
1 0.489258 0.483398 0.162109 0.123047
1 0.360352 0.545898 0.181641 0.208984
1 0.335938 0.738281 0.183594 0.210938
1 0.560547 0.598633 0.136719 0.154297
1 0.688477 0.561523 0.177734 0.287109
1 0.604492 0.691406 0.060547 0.050781
1 0.622070 0.741211 0.064453 0.056641
1 0.073242 0.294922 0.056641 0.046875
1 0.123047 0.228516 0.046875 0.035156
1 0.156250 0.161133 0.035156 0.021484
1 0.144531 0.298828 0.039062 0.078125
1 0.048828 0.355469 0.027344 0.023438
