1 0.099609 0.527344 0.144531 0.132812
1 0.220703 0.420898 0.152344 0.119141
1 0.413086 0.421875 0.251953 0.207031
1 0.546875 0.199219 0.175781 0.128906
1 0.642578 0.269531 0.089844 0.105469
1 0.770508 0.189453 0.103516 0.074219
1 0.881836 0.354492 0.158203 0.271484
1 0.693359 0.447266 0.269531 0.128906
1 0.570312 0.680664 0.167969 0.302734
1 0.610352 0.531250 0.126953 0.085938
1 0.733398 0.548828 0.048828 0.050781
1 0.736328 0.672852 0.152344 0.208984
1 0.855469 0.573242 0.128906 0.158203
1 0.368164 0.613281 0.220703 0.121094
