1 0.162109 0.166992 0.050781 0.017578
1 0.128906 0.220703 0.039062 0.050781
1 0.065430 0.294922 0.044922 0.035156
1 0.047852 0.346680 0.025391 0.033203
1 0.143555 0.309570 0.037109 0.060547
1 0.298828 0.276367 0.207031 0.298828
1 0.475586 0.244141 0.166016 0.226562
1 0.432617 0.373047 0.154297 0.105469
1 0.405273 0.133789 0.298828 0.060547
1 0.343750 0.538086 0.179688 0.193359
1 0.489258 0.480469 0.166016 0.132812
1 0.554688 0.587891 0.136719 0.160156
1 0.578125 0.689453 0.093750 0.046875
1 0.629883 0.742188 0.056641 0.058594
1 0.680664 0.552734 0.185547 0.265625
1 0.730469 0.305664 0.148438 0.240234
1 0.334961 0.742188 0.177734 0.210938
