1 0.108398 0.524414 0.126953 0.138672
1 0.236328 0.425781 0.132812 0.105469
1 0.417969 0.416992 0.242188 0.216797
1 0.541992 0.196289 0.169922 0.119141
1 0.663086 0.282227 0.119141 0.103516
1 0.784180 0.192383 0.142578 0.095703
1 0.894531 0.351562 0.183594 0.273438
1 0.691406 0.444336 0.285156 0.138672
1 0.357422 0.612305 0.230469 0.103516
1 0.576172 0.675781 0.203125 0.328125
1 0.727539 0.533203 0.095703 0.085938
1 0.869141 0.539062 0.175781 0.132812
1 0.759766 0.689453 0.183594 0.203125
1 0.787109 0.792969 0.074219 0.054688
1 0.692383 0.846680 0.072266 0.080078
