1 0.400391 0.084961 0.054688 0.126953
1 0.458984 0.067383 0.160156 0.126953
1 0.461914 0.219727 0.138672 0.181641
1 0.698242 0.205078 0.314453 0.394531
1 0.785156 0.495117 0.160156 0.232422
1 0.647461 0.514648 0.185547 0.236328
1 0.553711 0.567383 0.076172 0.123047
1 0.786133 0.676758 0.185547 0.236328
1 0.583984 0.767578 0.097656 0.218750
1 0.596680 0.956055 0.126953 0.087891
1 0.739258 0.848633 0.123047 0.197266
1 0.452148 0.650391 0.162109 0.144531
1 0.346680 0.478516 0.095703 0.070312
1 0.323242 0.776367 0.150391 0.134766
1 0.440430 0.885742 0.212891 0.150391
1 0.350586 0.955078 0.158203 0.089844
1 0.240234 0.525391 0.140625 0.175781
