1 0.310547 0.278320 0.230469 0.283203
1 0.488281 0.248047 0.125000 0.218750
1 0.460938 0.384766 0.093750 0.066406
1 0.405273 0.132812 0.244141 0.054688
1 0.354492 0.546875 0.150391 0.218750
1 0.337891 0.733398 0.148438 0.181641
1 0.490234 0.477539 0.148438 0.123047
1 0.548828 0.595703 0.156250 0.167969
1 0.604492 0.716797 0.091797 0.101562
1 0.682617 0.566406 0.181641 0.281250
1 0.730469 0.304688 0.148438 0.234375
1 0.124023 0.229492 0.009766 0.025391
1 0.129883 0.293945 0.044922 0.072266
1 0.075195 0.301758 0.052734 0.025391
1 0.046875 0.351562 0.027344 0.035156
1 0.159180 0.160156 0.033203 0.023438
