1 0.130859 0.380859 0.257812 0.191406
1 0.179688 0.249023 0.246094 0.080078
1 0.347656 0.156250 0.160156 0.093750
1 0.364258 0.318359 0.146484 0.207031
1 0.528320 0.237305 0.154297 0.111328
1 0.714844 0.194336 0.257812 0.130859
1 0.552734 0.352539 0.140625 0.107422
1 0.532227 0.445312 0.166016 0.078125
1 0.768555 0.411133 0.201172 0.126953
1 0.966797 0.390625 0.066406 0.082031
1 0.874023 0.537109 0.134766 0.097656
1 0.662109 0.588867 0.171875 0.189453
1 0.777344 0.676758 0.097656 0.087891
1 0.482422 0.658203 0.085938 0.089844
1 0.054688 0.496094 0.097656 0.027344
1 0.172852 0.556641 0.341797 0.136719
1 0.555664 0.153320 0.220703 0.056641
