1 0.119141 0.288086 0.121094 0.138672
1 0.072266 0.380859 0.136719 0.171875
1 0.308594 0.251953 0.105469 0.074219
1 0.395508 0.177734 0.486328 0.074219
1 0.756836 0.194336 0.369141 0.189453
1 0.448242 0.156250 0.337891 0.082031
1 0.768555 0.417969 0.224609 0.085938
1 0.665039 0.575195 0.154297 0.169922
1 0.784180 0.686523 0.060547 0.064453
1 0.875977 0.554688 0.083984 0.085938
1 0.977539 0.382812 0.044922 0.089844
1 0.168945 0.555664 0.318359 0.158203
1 0.215820 0.421875 0.134766 0.101562
1 0.478516 0.660156 0.058594 0.066406
1 0.409180 0.378906 0.197266 0.171875
1 0.466797 0.255859 0.160156 0.066406
1 0.252930 0.324219 0.115234 0.066406
1 0.822266 0.501953 0.039062 0.054688
1 0.929688 0.488281 0.054688 0.035156
1 0.962891 0.659180 0.074219 0.115234
