1 0.297852 0.286133 0.208984 0.298828
1 0.483398 0.248047 0.173828 0.214844
1 0.441406 0.368164 0.203125 0.099609
1 0.400391 0.134766 0.296875 0.058594
1 0.128906 0.230469 0.019531 0.023438
1 0.064453 0.318359 0.050781 0.078125
1 0.138672 0.303711 0.042969 0.064453
1 0.346680 0.542969 0.158203 0.203125
1 0.488281 0.481445 0.148438 0.138672
1 0.554688 0.583984 0.136719 0.148438
1 0.583008 0.700195 0.119141 0.080078
1 0.633789 0.745117 0.052734 0.056641
1 0.683594 0.566406 0.183594 0.292969
1 0.727539 0.296875 0.154297 0.238281
1 0.331055 0.740234 0.158203 0.183594
