1 0.258789 0.335938 0.177734 0.160156
1 0.449219 0.350586 0.175781 0.142578
1 0.498047 0.490234 0.167969 0.164062
1 0.415039 0.567383 0.181641 0.134766
1 0.309570 0.599609 0.083984 0.062500
1 0.252930 0.644531 0.068359 0.054688
1 0.429688 0.691406 0.320312 0.179688
1 0.693359 0.719727 0.242188 0.150391
1 0.721680 0.285156 0.302734 0.191406
1 0.711914 0.425781 0.306641 0.253906
1 0.873047 0.419922 0.054688 0.230469
1 0.645508 0.042969 0.025391 0.035156
1 0.707031 0.080078 0.050781 0.062500
1 0.688477 0.141602 0.103516 0.044922
1 0.771484 0.125000 0.023438 0.019531
1 0.836914 0.154297 0.029297 0.031250
