1 0.128906 0.332031 0.253906 0.281250
1 0.429688 0.185547 0.390625 0.125000
1 0.759766 0.185547 0.363281 0.183594
1 0.370117 0.356445 0.236328 0.220703
1 0.533203 0.344727 0.179688 0.146484
1 0.768555 0.433594 0.228516 0.132812
1 0.970703 0.397461 0.058594 0.103516
1 0.865234 0.536133 0.140625 0.138672
1 0.953125 0.639648 0.093750 0.166016
1 0.645508 0.561523 0.154297 0.158203
1 0.791016 0.681641 0.085938 0.066406
1 0.465820 0.671875 0.103516 0.089844
1 0.189453 0.550781 0.375000 0.175781
1 0.381836 0.642578 0.029297 0.042969
1 0.563477 0.783203 0.138672 0.089844
1 0.416992 0.499023 0.091797 0.083984
1 0.839844 0.298828 0.312500 0.089844
