1 0.327148 0.258789 0.158203 0.193359
1 0.344727 0.448242 0.150391 0.189453
1 0.493164 0.509766 0.150391 0.136719
1 0.556641 0.392578 0.128906 0.167969
1 0.598633 0.301758 0.064453 0.048828
1 0.629883 0.242188 0.041016 0.054688
1 0.686523 0.428711 0.189453 0.291016
1 0.726562 0.702148 0.121094 0.232422
1 0.291992 0.710938 0.189453 0.296875
1 0.463867 0.720703 0.185547 0.296875
1 0.416016 0.872070 0.320312 0.056641
1 0.058594 0.667969 0.050781 0.093750
1 0.141602 0.699219 0.033203 0.062500
1 0.127930 0.771484 0.025391 0.039062
1 0.168945 0.843750 0.041016 0.035156
