1 0.108398 0.105469 0.103516 0.179688
1 0.120117 0.289062 0.138672 0.203125
1 0.273438 0.146484 0.167969 0.117188
1 0.262695 0.058594 0.107422 0.082031
1 0.359375 0.225586 0.144531 0.154297
1 0.314453 0.302734 0.140625 0.156250
1 0.525391 0.236328 0.121094 0.136719
1 0.614258 0.168945 0.138672 0.142578
1 0.747070 0.239258 0.205078 0.150391
1 0.710938 0.334961 0.265625 0.138672
1 0.671875 0.266602 0.105469 0.072266
1 0.856445 0.315430 0.083984 0.095703
1 0.485352 0.493164 0.228516 0.111328
1 0.697266 0.497070 0.179688 0.123047
1 0.799805 0.435547 0.103516 0.066406
1 0.316406 0.470703 0.136719 0.121094
