1 0.137695 0.391602 0.138672 0.083984
1 0.228516 0.517578 0.152344 0.117188
1 0.400391 0.506836 0.183594 0.087891
1 0.357422 0.617188 0.183594 0.121094
1 0.298828 0.655273 0.171875 0.130859
1 0.384766 0.412109 0.175781 0.113281
1 0.532227 0.365234 0.130859 0.078125
1 0.679688 0.351562 0.156250 0.058594
1 0.618164 0.480469 0.103516 0.085938
1 0.759766 0.497070 0.097656 0.107422
1 0.897461 0.447266 0.158203 0.082031
1 0.841797 0.270508 0.089844 0.048828
1 0.502930 0.199219 0.099609 0.074219
1 0.432617 0.247070 0.154297 0.068359
1 0.511719 0.272461 0.132812 0.080078
1 0.340820 0.329102 0.193359 0.044922
