1 0.109375 0.112305 0.097656 0.212891
1 0.141602 0.329102 0.126953 0.232422
1 0.237305 0.141602 0.103516 0.169922
1 0.268555 0.061523 0.103516 0.095703
1 0.347656 0.242188 0.191406 0.289062
1 0.533203 0.243164 0.136719 0.158203
1 0.468750 0.362305 0.105469 0.107422
1 0.408203 0.483398 0.250000 0.138672
1 0.619141 0.508789 0.292969 0.111328
1 0.716797 0.447266 0.226562 0.113281
1 0.705078 0.319336 0.273438 0.134766
1 0.713867 0.208008 0.291016 0.150391
1 0.877930 0.315430 0.138672 0.095703
1 0.559570 0.159180 0.189453 0.095703
