1 0.333008 0.338867 0.119141 0.064453
1 0.482422 0.390625 0.199219 0.101562
1 0.632812 0.420898 0.144531 0.056641
1 0.803711 0.416992 0.126953 0.076172
1 0.880859 0.383789 0.089844 0.087891
1 0.743164 0.498047 0.208984 0.097656
1 0.570312 0.509766 0.183594 0.093750
1 0.661133 0.594727 0.134766 0.142578
1 0.597656 0.672852 0.156250 0.091797
1 0.766602 0.627930 0.103516 0.099609
1 0.284180 0.471680 0.126953 0.091797
1 0.436523 0.484375 0.208984 0.144531
1 0.106445 0.455078 0.138672 0.101562
1 0.156250 0.255859 0.054688 0.035156
1 0.238281 0.324219 0.058594 0.058594
1 0.513672 0.244141 0.187500 0.152344
