1 0.075195 0.446289 0.107422 0.091797
1 0.180664 0.266602 0.087891 0.056641
1 0.318359 0.334961 0.167969 0.083984
1 0.458008 0.379883 0.126953 0.080078
1 0.512695 0.273438 0.177734 0.105469
1 0.535156 0.212891 0.156250 0.105469
1 0.665039 0.265625 0.123047 0.074219
1 0.742188 0.344727 0.046875 0.033203
1 0.847656 0.427734 0.109375 0.109375
1 0.599609 0.500977 0.093750 0.111328
1 0.500000 0.467773 0.156250 0.150391
1 0.410156 0.458008 0.140625 0.099609
1 0.280273 0.474609 0.134766 0.156250
1 0.653320 0.589844 0.123047 0.121094
1 0.751953 0.505859 0.148438 0.117188
1 0.747070 0.640625 0.138672 0.109375
1 0.606445 0.689453 0.166016 0.082031
