1 0.397461 0.140625 0.103516 0.136719
1 0.488281 0.219727 0.125000 0.130859
1 0.582031 0.331055 0.085938 0.087891
1 0.619141 0.245117 0.128906 0.076172
1 0.507812 0.400391 0.144531 0.109375
1 0.506836 0.518555 0.134766 0.130859
1 0.414062 0.414062 0.113281 0.105469
1 0.291016 0.482422 0.160156 0.136719
1 0.220703 0.526367 0.117188 0.080078
1 0.321289 0.387695 0.150391 0.037109
1 0.427734 0.537109 0.121094 0.105469
1 0.456055 0.598633 0.130859 0.087891
1 0.349609 0.654297 0.089844 0.085938
1 0.456055 0.713867 0.091797 0.103516
1 0.451172 0.881836 0.089844 0.169922
1 0.253906 0.846680 0.035156 0.068359
1 0.345703 0.773438 0.089844 0.085938
