1 0.341797 0.414062 0.121094 0.105469
1 0.225586 0.500977 0.166016 0.091797
1 0.407227 0.485352 0.146484 0.126953
1 0.584961 0.529297 0.150391 0.128906
1 0.484375 0.513672 0.128906 0.078125
1 0.726562 0.500000 0.160156 0.121094
1 0.308594 0.345703 0.171875 0.109375
1 0.162109 0.632812 0.179688 0.125000
1 0.201172 0.570312 0.105469 0.078125
1 0.396484 0.595703 0.187500 0.121094
1 0.565430 0.635742 0.177734 0.107422
1 0.671875 0.660156 0.148438 0.109375
1 0.500000 0.714844 0.140625 0.093750
1 0.373047 0.750977 0.164062 0.076172
1 0.498047 0.806641 0.093750 0.062500
1 0.842773 0.729492 0.048828 0.076172
1 0.909180 0.559570 0.134766 0.099609
1 0.773438 0.685547 0.058594 0.058594
