1 0.349609 0.349609 0.093750 0.074219
1 0.469727 0.386719 0.166016 0.109375
1 0.173828 0.269531 0.050781 0.062500
1 0.103516 0.449219 0.156250 0.128906
1 0.269531 0.471680 0.128906 0.107422
1 0.398438 0.477539 0.109375 0.072266
1 0.559570 0.508789 0.154297 0.099609
1 0.771484 0.510742 0.160156 0.087891
1 0.654297 0.602539 0.167969 0.103516
1 0.665039 0.679688 0.267578 0.058594
1 0.805664 0.614258 0.119141 0.087891
1 0.831055 0.414062 0.201172 0.097656
1 0.495117 0.199219 0.080078 0.070312
1 0.474609 0.285156 0.160156 0.085938
1 0.624023 0.251953 0.138672 0.078125
1 0.629883 0.405273 0.158203 0.087891
