1 0.540039 0.501953 0.279297 0.125000
1 0.352539 0.533203 0.212891 0.101562
1 0.147461 0.667969 0.162109 0.269531
1 0.113281 0.905273 0.148438 0.189453
1 0.263672 0.878906 0.113281 0.207031
1 0.333008 0.697266 0.115234 0.140625
1 0.339844 0.746094 0.152344 0.156250
1 0.517578 0.764648 0.113281 0.115234
1 0.686523 0.676758 0.166016 0.126953
1 0.739258 0.782227 0.232422 0.146484
1 0.587891 0.850586 0.128906 0.080078
1 0.839844 0.649414 0.140625 0.130859
1 0.736328 0.561523 0.226562 0.154297
1 0.571289 0.704102 0.107422 0.064453
