1 0.236328 0.492188 0.113281 0.097656
1 0.394531 0.480469 0.121094 0.058594
1 0.346680 0.349609 0.091797 0.078125
1 0.085938 0.468750 0.089844 0.085938
1 0.527344 0.237305 0.160156 0.123047
1 0.468750 0.395508 0.128906 0.095703
1 0.621094 0.429688 0.085938 0.062500
1 0.618164 0.540039 0.162109 0.162109
1 0.506836 0.473633 0.056641 0.060547
1 0.772461 0.506836 0.173828 0.072266
1 0.806641 0.416016 0.156250 0.085938
1 0.882812 0.383789 0.082031 0.091797
1 0.776367 0.357422 0.099609 0.093750
1 0.695312 0.654297 0.210938 0.101562
1 0.167969 0.272461 0.054688 0.072266
