1 0.721680 0.259766 0.115234 0.105469
1 0.860352 0.333008 0.107422 0.072266
1 0.778320 0.384766 0.083984 0.046875
1 0.585938 0.209961 0.089844 0.068359
1 0.619141 0.288086 0.132812 0.064453
1 0.435547 0.433594 0.074219 0.074219
1 0.566406 0.366211 0.109375 0.068359
1 0.616211 0.448242 0.060547 0.037109
1 0.676758 0.548828 0.083984 0.082031
1 0.881836 0.532227 0.068359 0.068359
1 0.842773 0.586914 0.064453 0.068359
1 0.943359 0.532227 0.050781 0.130859
1 0.827148 0.681641 0.181641 0.160156
1 0.641602 0.612305 0.146484 0.083984
1 0.617188 0.733398 0.113281 0.142578
1 0.429688 0.513672 0.152344 0.117188
1 0.297852 0.560547 0.091797 0.117188
1 0.471680 0.688477 0.185547 0.216797
1 0.328125 0.702148 0.058594 0.095703
1 0.268555 0.695312 0.076172 0.093750
1 0.187500 0.582031 0.078125 0.093750
