1 0.510742 0.166016 0.111328 0.113281
1 0.612305 0.152344 0.095703 0.082031
1 0.705078 0.190430 0.070312 0.072266
1 0.880859 0.188477 0.066406 0.033203
1 0.901367 0.267578 0.142578 0.093750
1 0.967773 0.320312 0.056641 0.082031
1 0.708984 0.494141 0.183594 0.101562
1 0.868164 0.441406 0.052734 0.035156
1 0.458984 0.534180 0.167969 0.130859
1 0.583008 0.484375 0.076172 0.078125
1 0.218750 0.490234 0.113281 0.074219
1 0.220703 0.302734 0.148438 0.105469
1 0.526367 0.262695 0.080078 0.056641
1 0.407227 0.137695 0.064453 0.052734
1 0.625000 0.342773 0.035156 0.037109
1 0.676758 0.279297 0.044922 0.042969
1 0.760742 0.285156 0.072266 0.070312
1 0.702148 0.518555 0.005859 0.001953
1 0.621094 0.638672 0.058594 0.046875
