1 0.451172 0.410156 0.054688 0.046875
1 0.512695 0.453125 0.076172 0.054688
1 0.602539 0.493164 0.111328 0.119141
1 0.662109 0.397461 0.089844 0.064453
1 0.737305 0.443359 0.119141 0.089844
1 0.837891 0.517578 0.078125 0.062500
1 0.419922 0.488281 0.128906 0.058594
1 0.403320 0.543945 0.130859 0.068359
1 0.518555 0.530273 0.130859 0.072266
1 0.434570 0.608398 0.150391 0.072266
1 0.363281 0.659180 0.054688 0.103516
1 0.458008 0.738281 0.123047 0.093750
1 0.527344 0.782227 0.156250 0.072266
1 0.665039 0.812500 0.095703 0.070312
1 0.745117 0.785156 0.091797 0.082031
1 0.804688 0.733398 0.078125 0.056641
1 0.835938 0.597656 0.046875 0.085938
1 0.892578 0.631836 0.027344 0.072266
1 0.600586 0.598633 0.169922 0.052734
1 0.611328 0.699219 0.085938 0.144531
1 0.714844 0.666992 0.097656 0.173828
1 0.791016 0.625977 0.085938 0.169922
