1 0.398438 0.427734 0.054688 0.082031
1 0.488281 0.469727 0.089844 0.103516
1 0.560547 0.535156 0.062500 0.082031
1 0.672852 0.525391 0.068359 0.058594
1 0.742188 0.495117 0.117188 0.103516
1 0.881836 0.556641 0.087891 0.074219
1 0.972656 0.562500 0.054688 0.054688
1 0.619141 0.382812 0.164062 0.132812
1 0.930664 0.668945 0.138672 0.111328
1 0.824219 0.696289 0.125000 0.076172
1 0.918945 0.744141 0.126953 0.093750
1 0.852539 0.808594 0.119141 0.062500
1 0.599609 0.829102 0.109375 0.119141
1 0.133789 0.581055 0.064453 0.080078
1 0.203125 0.702148 0.066406 0.068359
1 0.299805 0.697266 0.076172 0.082031
1 0.331055 0.651367 0.048828 0.033203
1 0.481445 0.818359 0.119141 0.113281
1 0.497070 0.719727 0.095703 0.115234
1 0.225586 0.504883 0.091797 0.115234
1 0.333008 0.479492 0.103516 0.142578
1 0.620117 0.652344 0.029297 0.046875
1 0.658203 0.711914 0.046875 0.044922
