1 0.450195 0.414062 0.033203 0.046875
1 0.498047 0.456055 0.078125 0.048828
1 0.658203 0.412109 0.082031 0.046875
1 0.751953 0.451172 0.097656 0.105469
1 0.833984 0.516602 0.070312 0.068359
1 0.602539 0.500977 0.115234 0.119141
1 0.429688 0.467773 0.089844 0.044922
1 0.386719 0.487305 0.031250 0.033203
1 0.411133 0.535156 0.142578 0.058594
1 0.528320 0.530273 0.083984 0.076172
1 0.626953 0.534180 0.097656 0.060547
1 0.415039 0.615234 0.107422 0.062500
1 0.508789 0.641602 0.087891 0.044922
1 0.600586 0.661133 0.052734 0.048828
1 0.616211 0.592773 0.068359 0.021484
1 0.784180 0.595703 0.107422 0.050781
1 0.886719 0.613281 0.035156 0.035156
1 0.837891 0.646484 0.023438 0.031250
1 0.786133 0.702148 0.083984 0.041016
1 0.724609 0.777344 0.046875 0.109375
1 0.416992 0.734375 0.052734 0.062500
1 0.522461 0.773438 0.134766 0.078125
1 0.637695 0.811523 0.083984 0.083984
1 0.690430 0.787109 0.033203 0.078125
1 0.662109 0.689453 0.042969 0.062500
1 0.528320 0.695312 0.068359 0.058594
1 0.492188 0.694336 0.078125 0.064453
