1 0.459961 0.364258 0.064453 0.080078
1 0.550781 0.418945 0.113281 0.080078
1 0.473633 0.457031 0.076172 0.078125
1 0.504883 0.525391 0.107422 0.070312
1 0.559570 0.603516 0.091797 0.097656
1 0.588867 0.662109 0.033203 0.035156
1 0.558594 0.728516 0.039062 0.066406
1 0.507812 0.719727 0.039062 0.052734
1 0.488281 0.609375 0.105469 0.109375
1 0.389648 0.421875 0.091797 0.085938
1 0.357422 0.353516 0.089844 0.046875
1 0.291016 0.409180 0.089844 0.033203
1 0.291016 0.455078 0.097656 0.066406
1 0.357422 0.517578 0.058594 0.058594
1 0.391602 0.495117 0.060547 0.064453
1 0.227539 0.501953 0.072266 0.105469
1 0.204102 0.583984 0.080078 0.074219
1 0.316406 0.602539 0.109375 0.064453
1 0.409180 0.610352 0.064453 0.076172
1 0.186523 0.656250 0.087891 0.070312
1 0.238281 0.725586 0.113281 0.083984
1 0.179688 0.726562 0.031250 0.039062
1 0.270508 0.795898 0.083984 0.048828
1 0.347656 0.702148 0.121094 0.083984
1 0.401367 0.804688 0.091797 0.109375
1 0.479492 0.828125 0.056641 0.054688
1 0.397461 0.891602 0.087891 0.037109
1 0.312500 0.856445 0.089844 0.048828
