1 0.436523 0.227539 0.126953 0.052734
1 0.597656 0.237305 0.175781 0.060547
1 0.734375 0.335938 0.101562 0.125000
1 0.359375 0.279297 0.109375 0.097656
1 0.309570 0.373047 0.076172 0.082031
1 0.516602 0.366211 0.076172 0.060547
1 0.468750 0.285156 0.082031 0.054688
1 0.568359 0.303711 0.078125 0.064453
1 0.395508 0.381836 0.060547 0.107422
1 0.380859 0.529297 0.226562 0.191406
1 0.541992 0.472656 0.091797 0.093750
1 0.722656 0.488281 0.125000 0.093750
1 0.533203 0.556641 0.082031 0.050781
1 0.575195 0.645508 0.083984 0.060547
1 0.667969 0.645508 0.062500 0.041016
1 0.762695 0.564453 0.080078 0.042969
