1 0.561523 0.331055 0.083984 0.181641
1 0.691406 0.482422 0.175781 0.144531
1 0.761719 0.404297 0.078125 0.152344
1 0.744141 0.613281 0.164062 0.132812
1 0.726562 0.755859 0.093750 0.132812
1 0.632812 0.782227 0.101562 0.044922
1 0.578125 0.841797 0.066406 0.054688
1 0.674805 0.859375 0.119141 0.058594
1 0.540039 0.917969 0.154297 0.074219
1 0.348633 0.796875 0.130859 0.128906
1 0.384766 0.882812 0.105469 0.070312
1 0.272461 0.661133 0.154297 0.150391
1 0.238281 0.557617 0.140625 0.107422
1 0.232422 0.464844 0.125000 0.101562
1 0.447266 0.415039 0.113281 0.173828
