1 0.408203 0.538086 0.117188 0.083984
1 0.467773 0.443359 0.146484 0.085938
1 0.528320 0.520508 0.111328 0.091797
1 0.614258 0.443359 0.080078 0.058594
1 0.741211 0.435547 0.076172 0.082031
1 0.822266 0.507812 0.070312 0.074219
1 0.623047 0.508789 0.128906 0.083984
1 0.404297 0.625000 0.101562 0.085938
1 0.517578 0.624023 0.109375 0.091797
1 0.607422 0.649414 0.085938 0.091797
1 0.622070 0.583008 0.080078 0.052734
1 0.758789 0.599609 0.068359 0.062500
1 0.818359 0.573242 0.093750 0.095703
1 0.884766 0.609375 0.054688 0.050781
1 0.856445 0.665039 0.076172 0.068359
1 0.779297 0.640625 0.093750 0.042969
1 0.696289 0.679688 0.080078 0.121094
1 0.748047 0.771484 0.128906 0.121094
1 0.440430 0.716797 0.115234 0.085938
1 0.529297 0.783203 0.152344 0.089844
1 0.634766 0.820312 0.121094 0.058594
1 0.644531 0.759766 0.085938 0.089844
