1 0.753906 0.469727 0.222656 0.154297
1 0.535156 0.487305 0.210938 0.134766
1 0.383789 0.521484 0.115234 0.117188
1 0.415039 0.617188 0.091797 0.082031
1 0.369141 0.664062 0.109375 0.132812
1 0.507812 0.744141 0.214844 0.097656
1 0.522461 0.625000 0.099609 0.105469
1 0.640625 0.597656 0.132812 0.078125
1 0.620117 0.667969 0.095703 0.066406
1 0.681641 0.679688 0.085938 0.136719
1 0.797852 0.606445 0.123047 0.099609
1 0.785156 0.699219 0.113281 0.078125
1 0.717773 0.787109 0.232422 0.125000
1 0.891602 0.616211 0.041016 0.099609
