1 0.373047 0.166992 0.125000 0.076172
1 0.479492 0.202148 0.087891 0.052734
1 0.566406 0.255859 0.085938 0.054688
1 0.272461 0.215820 0.099609 0.080078
1 0.221680 0.284180 0.064453 0.056641
1 0.165039 0.301758 0.064453 0.060547
1 0.146484 0.370117 0.046875 0.076172
1 0.107422 0.389648 0.078125 0.072266
1 0.208984 0.357422 0.062500 0.050781
1 0.188477 0.416016 0.083984 0.062500
1 0.250977 0.400391 0.041016 0.074219
1 0.311523 0.342773 0.095703 0.166016
1 0.402344 0.312500 0.097656 0.089844
1 0.412109 0.405273 0.117188 0.064453
1 0.500977 0.325195 0.080078 0.095703
1 0.564453 0.311523 0.031250 0.060547
1 0.591797 0.375977 0.070312 0.076172
1 0.648438 0.364258 0.054688 0.080078
1 0.458008 0.474609 0.091797 0.074219
1 0.540039 0.474609 0.056641 0.050781
1 0.615234 0.437500 0.109375 0.062500
1 0.600586 0.510742 0.060547 0.056641
1 0.541016 0.522461 0.046875 0.048828
1 0.491211 0.538086 0.080078 0.044922
1 0.397461 0.485352 0.041016 0.037109
1 0.393555 0.556641 0.048828 0.054688
1 0.434570 0.532227 0.037109 0.052734
1 0.176758 0.475586 0.056641 0.033203
1 0.252930 0.549805 0.076172 0.080078
