1 0.630859 0.394531 0.566406 0.175781
1 0.312500 0.490234 0.070312 0.171875
1 0.245117 0.535156 0.099609 0.121094
1 0.321289 0.625000 0.095703 0.082031
1 0.432617 0.621094 0.115234 0.089844
1 0.537109 0.625977 0.078125 0.068359
1 0.647461 0.605469 0.087891 0.125000
1 0.717773 0.523438 0.048828 0.070312
1 0.779297 0.512695 0.042969 0.048828
1 0.831055 0.510742 0.021484 0.033203
1 0.760742 0.613281 0.130859 0.062500
1 0.737305 0.679688 0.037109 0.042969
1 0.674805 0.712891 0.138672 0.085938
1 0.535156 0.733398 0.285156 0.134766
1 0.332031 0.725586 0.121094 0.091797
