1 0.393555 0.461914 0.169922 0.154297
1 0.577148 0.494141 0.240234 0.171875
1 0.547852 0.405273 0.076172 0.033203
1 0.255859 0.458984 0.140625 0.105469
1 0.182617 0.513672 0.126953 0.070312
1 0.129883 0.577148 0.154297 0.091797
1 0.246094 0.601562 0.062500 0.101562
1 0.296875 0.676758 0.074219 0.134766
1 0.395508 0.664062 0.091797 0.062500
1 0.410156 0.606445 0.082031 0.060547
1 0.559570 0.609375 0.126953 0.062500
1 0.654297 0.640625 0.027344 0.058594
1 0.526367 0.657227 0.060547 0.048828
1 0.557617 0.721680 0.087891 0.076172
1 0.370117 0.735352 0.064453 0.072266
1 0.447266 0.672852 0.085938 0.083984
1 0.487305 0.758789 0.087891 0.107422
1 0.363281 0.815430 0.054688 0.080078
1 0.287109 0.801758 0.109375 0.103516
1 0.222656 0.715820 0.085938 0.126953
1 0.161133 0.668945 0.115234 0.091797
1 0.386719 0.811523 0.074219 0.091797
