1 0.424805 0.489258 0.224609 0.169922
1 0.645508 0.461914 0.216797 0.197266
1 0.812500 0.484375 0.125000 0.136719
1 0.407227 0.619141 0.146484 0.085938
1 0.559570 0.603516 0.138672 0.066406
1 0.691406 0.660156 0.074219 0.160156
1 0.791992 0.606445 0.099609 0.095703
1 0.885742 0.622070 0.064453 0.111328
1 0.788086 0.701172 0.103516 0.078125
1 0.522461 0.662109 0.068359 0.054688
1 0.605469 0.699219 0.097656 0.121094
1 0.439453 0.709961 0.167969 0.099609
1 0.515625 0.778320 0.121094 0.068359
1 0.628906 0.809570 0.109375 0.099609
1 0.739258 0.786133 0.126953 0.103516
