1 0.724609 0.191406 0.066406 0.097656
1 0.672852 0.210938 0.052734 0.101562
1 0.673828 0.306641 0.074219 0.035156
1 0.684570 0.449219 0.052734 0.078125
1 0.750000 0.500977 0.058594 0.064453
1 0.857422 0.568359 0.097656 0.152344
1 0.843750 0.679688 0.121094 0.070312
1 0.825195 0.794922 0.087891 0.140625
1 0.740234 0.780273 0.089844 0.095703
1 0.708984 0.923828 0.152344 0.152344
1 0.511719 0.784180 0.156250 0.208984
1 0.569336 0.957031 0.037109 0.085938
1 0.352539 0.566406 0.130859 0.156250
1 0.432617 0.385742 0.076172 0.130859
1 0.507812 0.518555 0.089844 0.146484
1 0.514648 0.228516 0.095703 0.105469
1 0.584961 0.127930 0.083984 0.048828
