1 0.508789 0.259766 0.142578 0.121094
1 0.689453 0.233398 0.191406 0.095703
1 0.838867 0.295898 0.095703 0.134766
1 0.931641 0.460938 0.066406 0.226562
1 0.814453 0.435547 0.140625 0.214844
1 0.626953 0.350586 0.132812 0.126953
1 0.504883 0.376953 0.119141 0.132812
1 0.618164 0.469727 0.107422 0.083984
1 0.746094 0.586914 0.179688 0.103516
1 0.567383 0.631836 0.083984 0.119141
1 0.673828 0.675781 0.101562 0.062500
1 0.425781 0.494141 0.101562 0.078125
1 0.400391 0.394531 0.078125 0.078125
1 0.387695 0.618164 0.130859 0.083984
