1 0.554688 0.287109 0.167969 0.101562
1 0.687500 0.244141 0.082031 0.058594
1 0.705078 0.317383 0.121094 0.072266
1 0.772461 0.418945 0.072266 0.115234
1 0.785156 0.569336 0.070312 0.150391
1 0.751953 0.677734 0.066406 0.089844
1 0.617188 0.426758 0.093750 0.099609
1 0.628906 0.524414 0.078125 0.068359
1 0.406250 0.334961 0.105469 0.072266
1 0.426758 0.425781 0.119141 0.070312
1 0.502930 0.412109 0.044922 0.101562
1 0.428711 0.496094 0.166016 0.070312
1 0.355469 0.668945 0.183594 0.287109
1 0.589844 0.690430 0.230469 0.263672
1 0.521484 0.843750 0.105469 0.062500
1 0.565430 0.500000 0.056641 0.066406
1 0.549805 0.417969 0.033203 0.050781
1 0.530273 0.502930 0.021484 0.072266
