1 0.631836 0.274414 0.087891 0.080078
1 0.738281 0.298828 0.078125 0.089844
1 0.849609 0.405273 0.128906 0.130859
1 0.854492 0.294922 0.115234 0.128906
1 0.946289 0.434570 0.068359 0.080078
1 0.800781 0.528320 0.105469 0.142578
1 0.914062 0.523438 0.089844 0.156250
1 0.587891 0.456055 0.085938 0.052734
1 0.703125 0.484375 0.082031 0.070312
1 0.639648 0.561523 0.037109 0.052734
1 0.687500 0.634766 0.093750 0.074219
1 0.590820 0.623047 0.107422 0.070312
1 0.365234 0.537109 0.074219 0.066406
1 0.494141 0.380859 0.164062 0.121094
1 0.458008 0.285156 0.240234 0.066406
1 0.286133 0.403320 0.083984 0.052734
1 0.395508 0.367188 0.080078 0.039062
