1 0.415039 0.363281 0.048828 0.078125
1 0.469727 0.312500 0.029297 0.070312
1 0.509766 0.401367 0.046875 0.056641
1 0.610352 0.424805 0.056641 0.041016
1 0.505859 0.450195 0.082031 0.033203
1 0.529297 0.530273 0.046875 0.115234
1 0.609375 0.526367 0.078125 0.052734
1 0.645508 0.591797 0.068359 0.070312
1 0.596680 0.615234 0.095703 0.035156
1 0.522461 0.629883 0.056641 0.044922
1 0.613281 0.736328 0.042969 0.046875
1 0.668945 0.763672 0.037109 0.062500
1 0.623047 0.839844 0.058594 0.042969
1 0.560547 0.808594 0.074219 0.031250
1 0.514648 0.840820 0.060547 0.048828
1 0.231445 0.835938 0.103516 0.042969
1 0.151367 0.818359 0.041016 0.042969
1 0.174805 0.760742 0.041016 0.064453
1 0.135742 0.729492 0.037109 0.033203
1 0.199219 0.664062 0.058594 0.066406
1 0.264648 0.648438 0.068359 0.062500
1 0.307617 0.592773 0.080078 0.052734
1 0.349609 0.506836 0.097656 0.064453
1 0.344727 0.427734 0.064453 0.070312
1 0.432617 0.454102 0.052734 0.060547
1 0.383789 0.583984 0.041016 0.035156
1 0.391602 0.654297 0.037109 0.023438
1 0.368164 0.732422 0.076172 0.035156
