1 0.409180 0.317383 0.044922 0.044922
1 0.375977 0.350586 0.060547 0.037109
1 0.488281 0.338867 0.035156 0.044922
1 0.567383 0.353516 0.080078 0.085938
1 0.619141 0.362305 0.031250 0.048828
1 0.719727 0.296875 0.041016 0.035156
1 0.773438 0.247070 0.054688 0.021484
1 0.791992 0.341797 0.060547 0.070312
1 0.841797 0.404297 0.039062 0.039062
1 0.896484 0.301758 0.042969 0.033203
1 0.529297 0.408203 0.085938 0.058594
1 0.444336 0.399414 0.056641 0.021484
1 0.423828 0.427734 0.105469 0.046875
1 0.380859 0.454102 0.101562 0.025391
1 0.347656 0.502930 0.042969 0.064453
1 0.391602 0.525391 0.041016 0.054688
1 0.390625 0.584961 0.082031 0.064453
1 0.435547 0.625000 0.089844 0.031250
1 0.514648 0.599609 0.029297 0.039062
1 0.568359 0.616211 0.066406 0.068359
1 0.625000 0.664062 0.042969 0.054688
1 0.668945 0.738281 0.060547 0.062500
1 0.759766 0.772461 0.078125 0.044922
1 0.845703 0.751953 0.039062 0.050781
1 0.851562 0.657227 0.035156 0.048828
1 0.826172 0.571289 0.050781 0.087891
1 0.708008 0.578125 0.064453 0.082031
1 0.492188 0.528320 0.027344 0.064453
