1 0.589844 0.405273 0.058594 0.033203
1 0.629883 0.451172 0.056641 0.039062
1 0.649414 0.487305 0.048828 0.037109
1 0.632812 0.518555 0.035156 0.025391
1 0.601562 0.543945 0.066406 0.033203
1 0.620117 0.591797 0.095703 0.039062
1 0.597656 0.630859 0.050781 0.027344
1 0.702148 0.590820 0.017578 0.041016
1 0.727539 0.681641 0.060547 0.089844
1 0.691406 0.700195 0.074219 0.044922
1 0.676758 0.750000 0.091797 0.046875
1 0.667969 0.796875 0.054688 0.089844
1 0.588867 0.802734 0.115234 0.078125
1 0.644531 0.882812 0.070312 0.101562
1 0.560547 0.901367 0.105469 0.095703
1 0.499023 0.462891 0.056641 0.054688
1 0.501953 0.542969 0.117188 0.105469
1 0.483398 0.656250 0.107422 0.109375
1 0.400391 0.631836 0.109375 0.087891
1 0.414062 0.775391 0.113281 0.171875
