1 0.600586 0.395508 0.060547 0.052734
1 0.671875 0.449219 0.078125 0.062500
1 0.736328 0.384766 0.066406 0.042969
1 0.842773 0.435547 0.052734 0.062500
1 0.548828 0.496094 0.074219 0.062500
1 0.625977 0.474609 0.033203 0.035156
1 0.733398 0.504883 0.041016 0.033203
1 0.813477 0.553711 0.044922 0.052734
1 0.780273 0.595703 0.041016 0.023438
1 0.803711 0.646484 0.056641 0.050781
1 0.876953 0.643555 0.074219 0.064453
1 0.534180 0.614258 0.021484 0.029297
1 0.619141 0.602539 0.054688 0.029297
1 0.459961 0.499023 0.033203 0.033203
1 0.492188 0.473633 0.031250 0.033203
1 0.473633 0.583008 0.048828 0.029297
1 0.509766 0.632812 0.054688 0.050781
1 0.430664 0.616211 0.064453 0.048828
1 0.426758 0.539062 0.033203 0.042969
