1 0.368164 0.269531 0.044922 0.035156
1 0.351562 0.308594 0.031250 0.023438
1 0.233398 0.355469 0.052734 0.046875
1 0.161133 0.420898 0.052734 0.064453
1 0.146484 0.545898 0.089844 0.048828
1 0.139648 0.606445 0.060547 0.068359
1 0.227539 0.657227 0.072266 0.064453
1 0.343750 0.414062 0.070312 0.089844
1 0.439453 0.430664 0.054688 0.060547
1 0.575195 0.440430 0.021484 0.060547
1 0.597656 0.518555 0.023438 0.048828
1 0.623047 0.546875 0.015625 0.027344
1 0.553711 0.522461 0.021484 0.064453
1 0.531250 0.512695 0.050781 0.041016
1 0.447266 0.520508 0.046875 0.052734
1 0.338867 0.539062 0.037109 0.074219
1 0.396484 0.513672 0.042969 0.074219
1 0.418945 0.584961 0.064453 0.041016
1 0.507812 0.596680 0.039062 0.025391
