1 0.625977 0.405273 0.060547 0.080078
1 0.539062 0.424805 0.042969 0.021484
1 0.544922 0.459961 0.046875 0.056641
1 0.557617 0.512695 0.041016 0.044922
1 0.634766 0.518555 0.035156 0.080078
1 0.504883 0.526367 0.048828 0.056641
1 0.561523 0.580078 0.099609 0.078125
1 0.625977 0.645508 0.056641 0.060547
1 0.684570 0.651367 0.041016 0.037109
1 0.773438 0.564453 0.046875 0.042969
1 0.841797 0.527344 0.042969 0.039062
1 0.848633 0.565430 0.056641 0.037109
1 0.902344 0.559570 0.031250 0.048828
1 0.841797 0.598633 0.031250 0.029297
1 0.871094 0.635742 0.054688 0.037109
1 0.852539 0.676758 0.060547 0.041016
1 0.844727 0.706055 0.029297 0.029297
1 0.778320 0.670898 0.044922 0.044922
1 0.739258 0.684570 0.037109 0.029297
1 0.697266 0.712891 0.027344 0.027344
1 0.718750 0.745117 0.070312 0.029297
1 0.759766 0.765625 0.070312 0.007812
1 0.610352 0.752930 0.048828 0.041016
1 0.586914 0.730469 0.005859 0.007812
1 0.557617 0.656250 0.041016 0.039062
1 0.550781 0.693359 0.062500 0.031250
