1 0.368164 0.177734 0.029297 0.035156
1 0.509766 0.327148 0.085938 0.087891
1 0.694336 0.270508 0.033203 0.056641
1 0.769531 0.331055 0.054688 0.068359
1 0.813477 0.390625 0.044922 0.027344
1 0.719727 0.400391 0.072266 0.046875
1 0.680664 0.426758 0.044922 0.044922
1 0.405273 0.374023 0.041016 0.044922
1 0.377930 0.435547 0.056641 0.062500
1 0.285156 0.347656 0.023438 0.035156
1 0.234375 0.246094 0.046875 0.046875
1 0.223633 0.462891 0.076172 0.058594
1 0.163086 0.430664 0.052734 0.025391
1 0.176758 0.512695 0.083984 0.068359
1 0.167969 0.574219 0.054688 0.058594
1 0.195312 0.663086 0.089844 0.107422
1 0.439453 0.560547 0.035156 0.066406
1 0.604492 0.597656 0.091797 0.093750
1 0.683594 0.583984 0.058594 0.101562
1 0.831055 0.566406 0.044922 0.105469
1 0.814453 0.660156 0.062500 0.066406
1 0.797852 0.724609 0.044922 0.062500
1 0.731445 0.710938 0.123047 0.074219
1 0.622070 0.846680 0.072266 0.056641
1 0.708008 0.782227 0.064453 0.068359
1 0.679688 0.830078 0.035156 0.035156
1 0.772461 0.783203 0.037109 0.046875
1 0.474609 0.909180 0.046875 0.068359
1 0.419922 0.930664 0.042969 0.056641
1 0.357422 0.927734 0.058594 0.050781
1 0.289062 0.906250 0.070312 0.054688
