1 0.292969 0.277344 0.070312 0.070312
1 0.486328 0.327148 0.054688 0.056641
1 0.586914 0.374023 0.033203 0.037109
1 0.756836 0.243164 0.033203 0.041016
1 0.629883 0.168945 0.037109 0.041016
1 0.868164 0.430664 0.064453 0.072266
1 0.767578 0.460938 0.066406 0.039062
1 0.847656 0.534180 0.070312 0.130859
1 0.792969 0.666016 0.148438 0.089844
1 0.562500 0.557617 0.035156 0.076172
1 0.642578 0.520508 0.046875 0.037109
1 0.692383 0.507812 0.044922 0.093750
1 0.314453 0.403320 0.078125 0.060547
1 0.322266 0.563477 0.058594 0.091797
1 0.403320 0.637695 0.072266 0.162109
1 0.517578 0.610352 0.058594 0.048828
1 0.571289 0.688477 0.029297 0.037109
1 0.598633 0.645508 0.029297 0.041016
1 0.163086 0.575195 0.060547 0.138672
1 0.306641 0.766602 0.117188 0.216797
1 0.425781 0.855469 0.082031 0.035156
1 0.619141 0.912109 0.289062 0.085938
1 0.214844 0.349609 0.039062 0.085938
