1 0.088867 0.421875 0.041016 0.089844
1 0.131836 0.385742 0.037109 0.064453
1 0.180664 0.357422 0.029297 0.062500
1 0.268555 0.339844 0.037109 0.050781
1 0.277344 0.399414 0.062500 0.060547
1 0.335938 0.463867 0.070312 0.083984
1 0.432617 0.458984 0.123047 0.089844
1 0.583008 0.477539 0.126953 0.072266
1 0.575195 0.549805 0.060547 0.060547
1 0.616211 0.532227 0.037109 0.052734
1 0.630859 0.586914 0.062500 0.025391
1 0.435547 0.553711 0.117188 0.080078
1 0.351562 0.576172 0.078125 0.031250
1 0.330078 0.609375 0.062500 0.046875
1 0.360352 0.657227 0.119141 0.044922
1 0.356445 0.700195 0.107422 0.048828
1 0.142578 0.578125 0.066406 0.054688
1 0.241211 0.628906 0.107422 0.058594
