1 0.408203 0.362305 0.085938 0.029297
1 0.384766 0.404297 0.070312 0.050781
1 0.471680 0.398438 0.056641 0.050781
1 0.479492 0.452148 0.115234 0.044922
1 0.434570 0.504883 0.099609 0.056641
1 0.559570 0.503906 0.060547 0.054688
1 0.573242 0.391602 0.064453 0.064453
1 0.635742 0.570312 0.087891 0.066406
1 0.532227 0.592773 0.064453 0.052734
1 0.563477 0.658203 0.048828 0.054688
1 0.539062 0.686523 0.062500 0.037109
1 0.431641 0.684570 0.101562 0.029297
1 0.478516 0.616211 0.054688 0.041016
1 0.329102 0.806641 0.072266 0.050781
1 0.363281 0.738281 0.066406 0.058594
1 0.434570 0.746094 0.064453 0.027344
1 0.179688 0.764648 0.058594 0.060547
1 0.180664 0.836914 0.041016 0.052734
1 0.237305 0.848633 0.052734 0.041016
1 0.282227 0.863281 0.021484 0.003906
1 0.198242 0.428711 0.025391 0.041016
1 0.182617 0.344727 0.115234 0.103516
1 0.261719 0.405273 0.035156 0.037109
1 0.311523 0.365234 0.033203 0.027344
1 0.152344 0.494141 0.050781 0.062500
