1 0.421875 0.075195 0.062500 0.056641
1 0.375000 0.129883 0.093750 0.052734
1 0.372070 0.178711 0.044922 0.033203
1 0.366211 0.245117 0.080078 0.076172
1 0.444336 0.220703 0.037109 0.050781
1 0.448242 0.299805 0.076172 0.048828
1 0.461914 0.350586 0.068359 0.044922
1 0.456055 0.421875 0.091797 0.082031
1 0.484375 0.489258 0.062500 0.044922
1 0.485352 0.546875 0.056641 0.050781
1 0.488281 0.597656 0.066406 0.042969
1 0.566406 0.574219 0.035156 0.054688
1 0.588867 0.626953 0.060547 0.035156
1 0.632812 0.575195 0.035156 0.048828
1 0.560547 0.414062 0.039062 0.058594
1 0.592773 0.333984 0.041016 0.046875
1 0.662109 0.348633 0.035156 0.056641
1 0.704102 0.349609 0.033203 0.062500
1 0.658203 0.239258 0.066406 0.072266
1 0.589844 0.148438 0.046875 0.054688
