1 0.349609 0.151367 0.050781 0.044922
1 0.257812 0.163086 0.050781 0.037109
1 0.236328 0.217773 0.062500 0.033203
1 0.264648 0.311523 0.052734 0.064453
1 0.330078 0.377930 0.062500 0.044922
1 0.377930 0.435547 0.060547 0.078125
1 0.333984 0.433594 0.019531 0.031250
1 0.364258 0.582031 0.029297 0.089844
1 0.407227 0.611328 0.044922 0.019531
1 0.444336 0.559570 0.103516 0.056641
1 0.473633 0.635742 0.076172 0.095703
1 0.571289 0.582031 0.029297 0.089844
1 0.644531 0.627930 0.054688 0.048828
1 0.672852 0.581055 0.056641 0.119141
1 0.581055 0.490234 0.072266 0.082031
1 0.587891 0.419922 0.082031 0.058594
1 0.655273 0.431641 0.060547 0.082031
1 0.625977 0.362305 0.056641 0.048828
1 0.607422 0.219727 0.042969 0.068359
1 0.657227 0.204102 0.052734 0.052734
1 0.618164 0.156250 0.052734 0.046875
1 0.690430 0.109375 0.041016 0.031250
1 0.736328 0.237305 0.042969 0.044922
1 0.783203 0.357422 0.042969 0.058594
