1 0.529297 0.399414 0.042969 0.068359
1 0.449219 0.410156 0.058594 0.035156
1 0.512695 0.449219 0.068359 0.031250
1 0.590820 0.402344 0.029297 0.066406
1 0.686523 0.418945 0.107422 0.083984
1 0.798828 0.449219 0.062500 0.054688
1 0.846680 0.534180 0.142578 0.064453
1 0.718750 0.526367 0.089844 0.072266
1 0.632812 0.549805 0.058594 0.052734
1 0.711914 0.603516 0.107422 0.035156
1 0.357422 0.571289 0.085938 0.126953
1 0.438477 0.643555 0.095703 0.076172
1 0.491211 0.569336 0.138672 0.107422
1 0.546875 0.675781 0.074219 0.070312
