1 0.527344 0.355469 0.082031 0.078125
1 0.606445 0.458008 0.083984 0.123047
1 0.720703 0.486328 0.105469 0.089844
1 0.694336 0.398438 0.048828 0.050781
1 0.646484 0.563477 0.093750 0.064453
1 0.463867 0.306641 0.080078 0.035156
1 0.478516 0.470703 0.089844 0.128906
1 0.523438 0.635742 0.074219 0.033203
1 0.197266 0.380859 0.109375 0.050781
1 0.285156 0.276367 0.121094 0.052734
1 0.335938 0.577148 0.089844 0.107422
1 0.228516 0.668945 0.136719 0.064453
1 0.242188 0.738281 0.074219 0.074219
1 0.349609 0.757812 0.089844 0.070312
1 0.522461 0.733398 0.138672 0.091797
1 0.699219 0.818359 0.121094 0.062500
1 0.762695 0.664062 0.224609 0.074219
1 0.318359 0.819336 0.125000 0.048828
