1 0.471680 0.305664 0.083984 0.021484
1 0.582031 0.306641 0.117188 0.042969
1 0.671875 0.183594 0.039062 0.066406
1 0.758789 0.166016 0.060547 0.031250
1 0.818359 0.151367 0.042969 0.044922
1 0.831055 0.239258 0.044922 0.044922
1 0.833008 0.313477 0.025391 0.048828
1 0.603516 0.393555 0.062500 0.060547
1 0.531250 0.386719 0.070312 0.054688
1 0.455078 0.398438 0.015625 0.046875
1 0.350586 0.418945 0.044922 0.048828
1 0.412109 0.495117 0.050781 0.052734
1 0.485352 0.505859 0.072266 0.070312
1 0.590820 0.502930 0.076172 0.033203
1 0.620117 0.526367 0.052734 0.041016
1 0.597656 0.592773 0.070312 0.064453
1 0.660156 0.578125 0.027344 0.035156
1 0.807617 0.557617 0.037109 0.052734
1 0.740234 0.606445 0.027344 0.052734
1 0.761719 0.658203 0.066406 0.050781
1 0.509766 0.587891 0.062500 0.058594
