1 0.513672 0.306641 0.054688 0.058594
1 0.600586 0.343750 0.060547 0.074219
1 0.672852 0.389648 0.060547 0.068359
1 0.641602 0.445312 0.111328 0.117188
1 0.536133 0.405273 0.123047 0.154297
1 0.441406 0.341797 0.062500 0.054688
1 0.331055 0.432617 0.146484 0.091797
1 0.238281 0.464844 0.152344 0.101562
1 0.119141 0.494141 0.062500 0.054688
1 0.218750 0.565430 0.062500 0.068359
1 0.291016 0.542969 0.035156 0.042969
1 0.328125 0.596680 0.109375 0.056641
1 0.409180 0.577148 0.052734 0.060547
1 0.483398 0.587891 0.064453 0.046875
1 0.554688 0.562500 0.050781 0.046875
1 0.630859 0.581055 0.062500 0.041016
1 0.449219 0.646484 0.121094 0.027344
