1 0.740234 0.334961 0.070312 0.037109
1 0.851562 0.396484 0.109375 0.097656
1 0.915039 0.431641 0.009766 0.070312
1 0.868164 0.465820 0.052734 0.044922
1 0.868164 0.574219 0.091797 0.058594
1 0.810547 0.619141 0.046875 0.058594
1 0.759766 0.638672 0.074219 0.042969
1 0.661133 0.667969 0.037109 0.046875
1 0.701172 0.685547 0.039062 0.031250
1 0.791016 0.689453 0.070312 0.035156
1 0.652344 0.579102 0.101562 0.072266
1 0.562500 0.572266 0.070312 0.078125
1 0.423828 0.529297 0.085938 0.054688
1 0.412109 0.591797 0.117188 0.054688
1 0.436523 0.437500 0.095703 0.054688
1 0.583984 0.418945 0.101562 0.064453
1 0.674805 0.458984 0.068359 0.101562
1 0.763672 0.428711 0.054688 0.060547
1 0.817383 0.401367 0.041016 0.048828
1 0.872070 0.388672 0.052734 0.066406
