1 0.219727 0.233398 0.048828 0.072266
1 0.261719 0.194336 0.027344 0.021484
1 0.314453 0.267578 0.078125 0.078125
1 0.385742 0.333008 0.025391 0.041016
1 0.425781 0.331055 0.023438 0.048828
1 0.444336 0.389648 0.064453 0.056641
1 0.515625 0.400391 0.050781 0.070312
1 0.582031 0.391602 0.066406 0.080078
1 0.645508 0.461914 0.056641 0.064453
1 0.686523 0.538086 0.091797 0.060547
1 0.577148 0.546875 0.076172 0.042969
1 0.577148 0.590820 0.083984 0.044922
1 0.645508 0.650391 0.064453 0.058594
1 0.481445 0.579102 0.111328 0.083984
1 0.392578 0.606445 0.082031 0.041016
1 0.428711 0.667969 0.091797 0.070312
1 0.369141 0.642578 0.050781 0.031250
1 0.381836 0.701172 0.056641 0.015625
1 0.296875 0.692383 0.074219 0.025391
1 0.255859 0.729492 0.042969 0.037109
1 0.166016 0.620117 0.058594 0.060547
1 0.210938 0.664062 0.046875 0.058594
1 0.090820 0.689453 0.068359 0.031250
