1 0.532227 0.509766 0.087891 0.082031
1 0.576172 0.603516 0.078125 0.078125
1 0.628906 0.652344 0.050781 0.054688
1 0.467773 0.502930 0.056641 0.072266
1 0.422852 0.552734 0.091797 0.066406
1 0.493164 0.623047 0.080078 0.078125
1 0.411133 0.598633 0.126953 0.037109
1 0.351562 0.634766 0.101562 0.042969
1 0.444336 0.764648 0.052734 0.115234
1 0.438477 0.854492 0.064453 0.083984
1 0.342773 0.865234 0.119141 0.082031
1 0.263672 0.716797 0.074219 0.031250
1 0.326172 0.753906 0.042969 0.058594
1 0.256836 0.590820 0.048828 0.076172
1 0.256836 0.662109 0.134766 0.039062
