1 0.452148 0.377930 0.052734 0.052734
1 0.531250 0.405273 0.058594 0.068359
1 0.598633 0.388672 0.064453 0.078125
1 0.667969 0.439453 0.046875 0.058594
1 0.729492 0.390625 0.037109 0.042969
1 0.801758 0.435547 0.048828 0.082031
1 0.842773 0.494141 0.025391 0.035156
1 0.567383 0.483398 0.134766 0.099609
1 0.442383 0.475586 0.107422 0.115234
1 0.348633 0.563477 0.072266 0.080078
1 0.472656 0.628906 0.078125 0.097656
1 0.534180 0.613281 0.029297 0.062500
1 0.599609 0.683594 0.097656 0.062500
1 0.667969 0.797852 0.074219 0.091797
1 0.757812 0.842773 0.050781 0.048828
1 0.826172 0.852539 0.042969 0.044922
1 0.836914 0.752930 0.048828 0.068359
1 0.840820 0.682617 0.041016 0.048828
