1 0.481445 0.143555 0.080078 0.123047
1 0.448242 0.221680 0.087891 0.095703
1 0.453125 0.313477 0.117188 0.091797
1 0.561523 0.230469 0.048828 0.074219
1 0.568359 0.314453 0.089844 0.050781
1 0.613281 0.408203 0.093750 0.125000
1 0.568359 0.516602 0.070312 0.048828
1 0.620117 0.510742 0.044922 0.033203
1 0.567383 0.586914 0.052734 0.111328
1 0.310547 0.511719 0.085938 0.117188
1 0.388672 0.615234 0.074219 0.144531
1 0.422852 0.496094 0.138672 0.105469
1 0.468750 0.616211 0.070312 0.107422
1 0.463867 0.691406 0.033203 0.050781
