1 0.321289 0.464844 0.158203 0.300781
1 0.465820 0.340820 0.087891 0.111328
1 0.544922 0.280273 0.058594 0.076172
1 0.649414 0.356445 0.103516 0.029297
1 0.734375 0.273438 0.089844 0.062500
1 0.822266 0.386719 0.089844 0.062500
1 0.851562 0.580078 0.054688 0.109375
1 0.787109 0.711914 0.066406 0.126953
1 0.657227 0.754883 0.076172 0.068359
1 0.518555 0.682617 0.123047 0.103516
1 0.429688 0.734375 0.207031 0.082031
1 0.311523 0.816406 0.119141 0.054688
1 0.607422 0.811523 0.167969 0.072266
1 0.513672 0.525391 0.039062 0.093750
1 0.571289 0.603516 0.048828 0.089844
1 0.641602 0.440430 0.056641 0.025391
1 0.687500 0.544922 0.089844 0.054688
1 0.706055 0.633789 0.052734 0.056641
