1 0.439453 0.367188 0.039062 0.042969
1 0.614258 0.363281 0.115234 0.046875
1 0.651367 0.421875 0.087891 0.070312
1 0.528320 0.388672 0.072266 0.066406
1 0.567383 0.484375 0.103516 0.113281
1 0.465820 0.466797 0.166016 0.062500
1 0.440430 0.513672 0.060547 0.046875
1 0.342773 0.560547 0.064453 0.085938
1 0.404297 0.623047 0.070312 0.062500
1 0.445312 0.677734 0.070312 0.074219
1 0.472656 0.607422 0.042969 0.054688
1 0.532227 0.611328 0.041016 0.066406
1 0.585938 0.689453 0.097656 0.078125
1 0.639648 0.761719 0.080078 0.039062
1 0.679688 0.810547 0.042969 0.054688
1 0.756836 0.846680 0.064453 0.064453
1 0.828125 0.854492 0.027344 0.041016
1 0.840820 0.767578 0.048828 0.031250
1 0.839844 0.689453 0.027344 0.023438
1 0.745117 0.726562 0.044922 0.031250
1 0.811523 0.437500 0.029297 0.082031
1 0.873047 0.367188 0.035156 0.054688
1 0.738281 0.391602 0.039062 0.060547
1 0.772461 0.335938 0.041016 0.042969
1 0.704102 0.675781 0.037109 0.042969
