1 0.439453 0.362305 0.031250 0.029297
1 0.487305 0.420898 0.056641 0.080078
1 0.580078 0.401367 0.121094 0.064453
1 0.629883 0.471680 0.052734 0.041016
1 0.580078 0.475586 0.062500 0.048828
1 0.439453 0.504883 0.058594 0.052734
1 0.351562 0.558594 0.062500 0.101562
1 0.408203 0.630859 0.078125 0.042969
1 0.456055 0.688477 0.083984 0.060547
1 0.568359 0.684570 0.089844 0.080078
1 0.655273 0.728516 0.037109 0.101562
1 0.675781 0.799805 0.046875 0.033203
1 0.743164 0.831055 0.056641 0.052734
1 0.810547 0.850586 0.042969 0.037109
1 0.849609 0.765625 0.058594 0.023438
1 0.603516 0.603516 0.066406 0.058594
