1 0.409180 0.349609 0.083984 0.050781
1 0.434570 0.392578 0.056641 0.042969
1 0.438477 0.450195 0.052734 0.064453
1 0.495117 0.443359 0.025391 0.085938
1 0.498047 0.324219 0.062500 0.062500
1 0.570312 0.336914 0.066406 0.068359
1 0.347656 0.411133 0.074219 0.072266
1 0.344727 0.465820 0.033203 0.041016
1 0.733398 0.429688 0.044922 0.046875
1 0.785156 0.445312 0.039062 0.070312
1 0.863281 0.490234 0.058594 0.070312
1 0.710938 0.548828 0.054688 0.042969
1 0.781250 0.578125 0.085938 0.062500
1 0.588867 0.579102 0.072266 0.072266
1 0.503906 0.590820 0.093750 0.041016
1 0.625977 0.641602 0.080078 0.048828
1 0.627930 0.450195 0.052734 0.060547
