1 0.528320 0.281250 0.123047 0.164062
1 0.660156 0.264648 0.164062 0.138672
1 0.809570 0.275391 0.146484 0.105469
1 0.923828 0.440430 0.117188 0.201172
1 0.795898 0.398438 0.146484 0.128906
1 0.653320 0.411133 0.126953 0.134766
1 0.800781 0.532227 0.148438 0.095703
1 0.839844 0.625977 0.187500 0.099609
1 0.645508 0.674805 0.224609 0.107422
1 0.798828 0.726562 0.085938 0.050781
1 0.860352 0.668945 0.041016 0.048828
1 0.405273 0.667969 0.099609 0.039062
1 0.475586 0.744141 0.095703 0.070312
1 0.444336 0.489258 0.107422 0.126953
1 0.435547 0.364258 0.105469 0.080078
1 0.282227 0.347656 0.126953 0.121094
1 0.321289 0.492188 0.146484 0.136719
1 0.402344 0.245117 0.082031 0.072266
