1 0.432617 0.051758 0.052734 0.017578
1 0.482422 0.073242 0.031250 0.001953
1 0.440430 0.099609 0.111328 0.062500
1 0.405273 0.169922 0.138672 0.160156
1 0.296875 0.245117 0.089844 0.095703
1 0.297852 0.325195 0.126953 0.044922
1 0.388672 0.381836 0.109375 0.033203
1 0.386719 0.418945 0.097656 0.021484
1 0.570312 0.157227 0.101562 0.060547
1 0.602539 0.257812 0.064453 0.121094
1 0.581055 0.360352 0.107422 0.087891
1 0.498047 0.434570 0.082031 0.072266
1 0.515625 0.497070 0.070312 0.060547
1 0.389648 0.474609 0.099609 0.054688
1 0.387695 0.533203 0.080078 0.066406
1 0.378906 0.588867 0.093750 0.048828
1 0.466797 0.548828 0.050781 0.062500
1 0.418945 0.256836 0.072266 0.044922
1 0.416016 0.190430 0.105469 0.037109
