1 0.454102 0.196289 0.091797 0.044922
1 0.361328 0.191406 0.136719 0.089844
1 0.384766 0.412109 0.062500 0.136719
1 0.474609 0.364258 0.074219 0.041016
1 0.496094 0.421875 0.093750 0.066406
1 0.483398 0.520508 0.111328 0.119141
1 0.575195 0.632812 0.060547 0.097656
1 0.685547 0.412109 0.050781 0.062500
1 0.804688 0.330078 0.074219 0.050781
1 0.768555 0.173828 0.076172 0.066406
1 0.836914 0.176758 0.033203 0.041016
1 0.858398 0.250000 0.025391 0.042969
1 0.826172 0.232422 0.027344 0.035156
1 0.700195 0.547852 0.044922 0.072266
1 0.651367 0.553711 0.068359 0.048828
1 0.608398 0.533203 0.044922 0.035156
1 0.558594 0.541992 0.027344 0.037109
1 0.612305 0.457031 0.041016 0.054688
1 0.599609 0.379883 0.039062 0.041016
1 0.399414 0.571289 0.052734 0.076172
1 0.366211 0.543945 0.041016 0.052734
1 0.364258 0.260742 0.048828 0.037109
