1 0.589844 0.093750 0.117188 0.070312
1 0.686523 0.147461 0.068359 0.091797
1 0.569336 0.148438 0.169922 0.050781
1 0.574219 0.219727 0.089844 0.076172
1 0.693359 0.242188 0.062500 0.074219
1 0.764648 0.260742 0.044922 0.044922
1 0.762695 0.319336 0.052734 0.060547
1 0.758789 0.407227 0.072266 0.052734
1 0.671875 0.317383 0.089844 0.041016
1 0.636719 0.344727 0.152344 0.052734
1 0.616211 0.387695 0.103516 0.068359
1 0.678711 0.445312 0.060547 0.050781
1 0.596680 0.446289 0.119141 0.052734
1 0.571289 0.512695 0.076172 0.087891
1 0.457031 0.471680 0.093750 0.068359
1 0.413086 0.375977 0.095703 0.076172
1 0.523438 0.381836 0.078125 0.056641
