1 0.344727 0.363281 0.068359 0.046875
1 0.423828 0.426758 0.058594 0.099609
1 0.465820 0.358398 0.041016 0.048828
1 0.514648 0.339844 0.041016 0.058594
1 0.565430 0.362305 0.041016 0.056641
1 0.616211 0.421875 0.068359 0.062500
1 0.610352 0.508789 0.064453 0.060547
1 0.620117 0.579102 0.068359 0.064453
1 0.671875 0.593750 0.023438 0.066406
1 0.726562 0.677734 0.093750 0.031250
1 0.754883 0.770508 0.091797 0.064453
1 0.574219 0.722656 0.074219 0.031250
1 0.629883 0.795898 0.056641 0.044922
1 0.653320 0.852539 0.076172 0.048828
1 0.351562 0.803711 0.082031 0.033203
1 0.398438 0.831055 0.058594 0.044922
1 0.295898 0.721680 0.072266 0.037109
1 0.328125 0.571289 0.082031 0.072266
1 0.343750 0.636719 0.097656 0.066406
1 0.413086 0.551758 0.087891 0.048828
1 0.354492 0.468750 0.064453 0.058594
1 0.421875 0.495117 0.050781 0.056641
