1 0.847656 0.253906 0.074219 0.058594
1 0.851562 0.348633 0.101562 0.083984
1 0.765625 0.228516 0.066406 0.078125
1 0.671875 0.273438 0.066406 0.085938
1 0.618164 0.343750 0.060547 0.070312
1 0.539062 0.386719 0.144531 0.078125
1 0.430664 0.396484 0.123047 0.070312
1 0.343750 0.454102 0.082031 0.068359
1 0.451172 0.458008 0.109375 0.060547
1 0.553711 0.461914 0.056641 0.068359
1 0.780273 0.655273 0.064453 0.083984
1 0.853516 0.600586 0.058594 0.064453
1 0.895508 0.673828 0.044922 0.042969
1 0.389648 0.565430 0.115234 0.064453
1 0.265625 0.550781 0.062500 0.046875
1 0.327148 0.509766 0.076172 0.078125
1 0.442383 0.611328 0.060547 0.082031
1 0.525391 0.576172 0.093750 0.089844
1 0.581055 0.652344 0.068359 0.054688
1 0.644531 0.645508 0.050781 0.048828
1 0.493164 0.667969 0.076172 0.042969
1 0.580078 0.706055 0.078125 0.041016
1 0.666016 0.714844 0.050781 0.046875
1 0.777344 0.743164 0.113281 0.068359
1 0.375977 0.671875 0.060547 0.058594
