1 0.697266 0.268555 0.085938 0.052734
1 0.776367 0.312500 0.080078 0.117188
1 0.892578 0.380859 0.097656 0.093750
1 0.941406 0.436523 0.011719 0.052734
1 0.832031 0.412109 0.207031 0.093750
1 0.742188 0.498047 0.070312 0.035156
1 0.817383 0.552734 0.115234 0.078125
1 0.696289 0.582031 0.232422 0.109375
1 0.590820 0.312500 0.037109 0.058594
1 0.487305 0.326172 0.095703 0.031250
1 0.515625 0.378906 0.179688 0.093750
1 0.634766 0.393555 0.046875 0.056641
1 0.466797 0.452148 0.109375 0.044922
1 0.534180 0.510742 0.123047 0.044922
1 0.520508 0.562500 0.080078 0.058594
1 0.580078 0.465820 0.046875 0.021484
