1 0.486328 0.370117 0.230469 0.052734
1 0.354492 0.426758 0.041016 0.048828
1 0.335938 0.475586 0.054688 0.052734
1 0.426758 0.438477 0.068359 0.048828
1 0.436523 0.490234 0.044922 0.023438
1 0.485352 0.453125 0.021484 0.070312
1 0.548828 0.464844 0.031250 0.039062
1 0.625977 0.340820 0.033203 0.064453
1 0.667969 0.274414 0.050781 0.064453
1 0.766602 0.246094 0.041016 0.054688
1 0.839844 0.249023 0.070312 0.044922
1 0.851562 0.351562 0.054688 0.054688
1 0.839844 0.615234 0.031250 0.070312
1 0.892578 0.685547 0.042969 0.031250
1 0.799805 0.657227 0.056641 0.060547
1 0.754883 0.608398 0.021484 0.037109
1 0.551758 0.544922 0.080078 0.054688
1 0.606445 0.565430 0.048828 0.048828
1 0.606445 0.636719 0.095703 0.078125
1 0.732422 0.714844 0.035156 0.042969
1 0.397461 0.574219 0.095703 0.054688
1 0.427734 0.535156 0.074219 0.031250
1 0.491211 0.590820 0.087891 0.080078
1 0.468750 0.650391 0.062500 0.062500
1 0.540039 0.654297 0.056641 0.093750
