1 0.451172 0.343750 0.089844 0.089844
1 0.735352 0.261719 0.103516 0.066406
1 0.833984 0.375977 0.054688 0.041016
1 0.647461 0.357422 0.044922 0.046875
1 0.409180 0.450195 0.072266 0.091797
1 0.363281 0.534180 0.109375 0.087891
1 0.298828 0.458984 0.175781 0.246094
1 0.241211 0.713867 0.103516 0.115234
1 0.444336 0.669922 0.248047 0.093750
1 0.591797 0.773438 0.343750 0.109375
1 0.766602 0.718750 0.080078 0.054688
1 0.801758 0.539062 0.076172 0.042969
1 0.859375 0.597656 0.078125 0.050781
1 0.767578 0.647461 0.218750 0.091797
1 0.561523 0.545898 0.044922 0.060547
1 0.575195 0.599609 0.037109 0.023438
1 0.675781 0.528320 0.070312 0.056641
1 0.643555 0.406250 0.017578 0.031250
1 0.647461 0.435547 0.029297 0.015625
1 0.550781 0.451172 0.062500 0.039062
1 0.417969 0.633789 0.046875 0.048828
