1 0.365234 0.231445 0.023438 0.041016
1 0.421875 0.209961 0.035156 0.041016
1 0.442383 0.315430 0.044922 0.037109
1 0.436523 0.390625 0.076172 0.039062
1 0.295898 0.389648 0.052734 0.048828
1 0.298828 0.437500 0.023438 0.031250
1 0.332031 0.519531 0.035156 0.031250
1 0.202148 0.503906 0.048828 0.046875
1 0.088867 0.497070 0.017578 0.017578
1 0.103516 0.549805 0.031250 0.017578
1 0.189453 0.630859 0.050781 0.046875
1 0.888672 0.596680 0.031250 0.052734
1 0.957031 0.523438 0.039062 0.046875
1 0.833984 0.538086 0.019531 0.033203
1 0.840820 0.637695 0.052734 0.052734
1 0.672852 0.683594 0.041016 0.027344
1 0.589844 0.672852 0.027344 0.033203
1 0.458984 0.703125 0.031250 0.031250
1 0.537109 0.690430 0.015625 0.025391
1 0.657227 0.509766 0.017578 0.019531
1 0.789062 0.479492 0.023438 0.025391
