1 0.413086 0.286133 0.107422 0.060547
1 0.628906 0.374023 0.160156 0.150391
1 0.895508 0.458984 0.083984 0.058594
1 0.786133 0.499023 0.033203 0.029297
1 0.828125 0.551758 0.082031 0.041016
1 0.743164 0.584961 0.041016 0.048828
1 0.683594 0.618164 0.046875 0.060547
1 0.574219 0.491211 0.105469 0.068359
1 0.708984 0.491211 0.070312 0.025391
1 0.547852 0.547852 0.083984 0.048828
1 0.378906 0.550781 0.121094 0.117188
1 0.268555 0.534180 0.181641 0.099609
1 0.091797 0.532227 0.156250 0.099609
1 0.288086 0.385742 0.177734 0.142578
1 0.427734 0.404297 0.035156 0.031250
1 0.519531 0.393555 0.027344 0.033203
