1 0.618164 0.376953 0.126953 0.078125
1 0.813477 0.462891 0.103516 0.066406
1 0.926758 0.482422 0.060547 0.066406
1 0.934570 0.564453 0.076172 0.050781
1 0.835938 0.583984 0.089844 0.039062
1 0.854492 0.654297 0.091797 0.070312
1 0.828125 0.727539 0.082031 0.064453
1 0.696289 0.684570 0.087891 0.076172
1 0.777344 0.650391 0.054688 0.042969
1 0.631836 0.748047 0.111328 0.046875
1 0.743164 0.750977 0.056641 0.037109
1 0.551758 0.580078 0.103516 0.066406
1 0.648438 0.594727 0.062500 0.056641
1 0.740234 0.557617 0.105469 0.037109
1 0.716797 0.605469 0.066406 0.035156
1 0.645508 0.434570 0.037109 0.044922
1 0.385742 0.465820 0.052734 0.025391
1 0.336914 0.433594 0.041016 0.039062
1 0.469727 0.528320 0.052734 0.048828
1 0.427734 0.721680 0.195312 0.072266
