1 0.404297 0.342773 0.167969 0.080078
1 0.396484 0.424805 0.078125 0.083984
1 0.594727 0.275391 0.095703 0.085938
1 0.715820 0.328125 0.048828 0.054688
1 0.769531 0.377930 0.050781 0.068359
1 0.684570 0.382812 0.087891 0.070312
1 0.627930 0.422852 0.041016 0.037109
1 0.901367 0.462891 0.087891 0.046875
1 0.920898 0.515625 0.083984 0.050781
1 0.897461 0.564453 0.099609 0.046875
1 0.788086 0.529297 0.076172 0.078125
1 0.619141 0.527344 0.128906 0.113281
1 0.714844 0.558594 0.054688 0.062500
1 0.475586 0.535156 0.115234 0.089844
1 0.282227 0.489258 0.037109 0.025391
1 0.334961 0.524414 0.044922 0.037109
1 0.323242 0.614258 0.056641 0.056641
1 0.268555 0.584961 0.033203 0.056641
1 0.177734 0.556641 0.042969 0.042969
1 0.093750 0.467773 0.023438 0.052734
1 0.163086 0.439453 0.037109 0.042969
1 0.284180 0.432617 0.041016 0.033203
