1 0.374023 0.381836 0.154297 0.162109
1 0.458984 0.531250 0.093750 0.105469
1 0.625977 0.542969 0.099609 0.121094
1 0.760742 0.528320 0.087891 0.115234
1 0.917969 0.529297 0.148438 0.093750
1 0.715820 0.369141 0.197266 0.136719
1 0.585938 0.276367 0.089844 0.080078
1 0.165039 0.424805 0.052734 0.017578
1 0.211914 0.493164 0.048828 0.041016
1 0.329102 0.520508 0.072266 0.037109
1 0.317383 0.606445 0.041016 0.068359
1 0.262695 0.585938 0.052734 0.035156
1 0.178711 0.554688 0.033203 0.039062
1 0.119141 0.481445 0.062500 0.052734
