1 0.325195 0.379883 0.056641 0.056641
1 0.263672 0.418945 0.031250 0.037109
1 0.176758 0.444336 0.041016 0.037109
1 0.226562 0.501953 0.050781 0.050781
1 0.099609 0.528320 0.046875 0.056641
1 0.169922 0.565430 0.042969 0.060547
1 0.278320 0.577148 0.037109 0.021484
1 0.394531 0.611328 0.140625 0.160156
1 0.474609 0.459961 0.121094 0.103516
1 0.625000 0.454102 0.097656 0.119141
1 0.760742 0.459961 0.130859 0.119141
1 0.915039 0.457031 0.146484 0.125000
1 0.898438 0.557617 0.078125 0.048828
1 0.698242 0.619141 0.189453 0.125000
1 0.594727 0.717773 0.064453 0.064453
