1 0.339844 0.047852 0.058594 0.013672
1 0.402344 0.090820 0.054688 0.044922
1 0.462891 0.203125 0.042969 0.050781
1 0.530273 0.264648 0.041016 0.052734
1 0.408203 0.280273 0.042969 0.037109
1 0.508789 0.345703 0.041016 0.023438
1 0.441406 0.405273 0.074219 0.115234
1 0.385742 0.353516 0.044922 0.058594
1 0.369141 0.403320 0.062500 0.037109
1 0.264648 0.347656 0.189453 0.152344
1 0.179688 0.538086 0.074219 0.099609
1 0.301758 0.542969 0.060547 0.042969
1 0.294922 0.639648 0.085938 0.103516
1 0.233398 0.693359 0.060547 0.035156
1 0.313477 0.732422 0.068359 0.070312
1 0.457031 0.584961 0.167969 0.138672
1 0.592773 0.606445 0.029297 0.052734
1 0.474609 0.684570 0.144531 0.076172
1 0.450195 0.767578 0.126953 0.089844
1 0.448242 0.902344 0.134766 0.175781
1 0.617188 0.723633 0.007812 0.037109
1 0.578125 0.791992 0.042969 0.048828
1 0.566406 0.848633 0.011719 0.025391
