1 0.378906 0.165039 0.171875 0.154297
1 0.537109 0.093750 0.078125 0.070312
1 0.532227 0.183594 0.072266 0.074219
1 0.625977 0.408203 0.064453 0.082031
1 0.571289 0.361328 0.052734 0.039062
1 0.297852 0.275391 0.095703 0.078125
1 0.279297 0.382812 0.050781 0.128906
1 0.392578 0.405273 0.066406 0.072266
1 0.488281 0.413086 0.031250 0.048828
1 0.459961 0.476562 0.037109 0.070312
1 0.514648 0.516602 0.037109 0.037109
1 0.584961 0.518555 0.029297 0.037109
1 0.536133 0.601562 0.037109 0.046875
1 0.571289 0.666016 0.044922 0.042969
1 0.305664 0.538086 0.052734 0.060547
1 0.279297 0.544922 0.046875 0.054688
1 0.345703 0.635742 0.058594 0.060547
1 0.368164 0.703125 0.052734 0.046875
1 0.406250 0.732422 0.027344 0.035156
