1 0.409180 0.163086 0.037109 0.052734
1 0.461914 0.173828 0.048828 0.058594
1 0.654297 0.213867 0.054688 0.056641
1 0.725586 0.296875 0.044922 0.058594
1 0.585938 0.330078 0.031250 0.062500
1 0.661133 0.331055 0.068359 0.041016
1 0.670898 0.496094 0.064453 0.050781
1 0.616211 0.598633 0.044922 0.044922
1 0.821289 0.627930 0.041016 0.033203
1 0.755859 0.760742 0.046875 0.072266
1 0.648438 0.708008 0.027344 0.037109
1 0.482422 0.640625 0.023438 0.035156
1 0.469727 0.690430 0.041016 0.033203
1 0.530273 0.784180 0.056641 0.060547
1 0.595703 0.815430 0.035156 0.041016
1 0.581055 0.848633 0.025391 0.025391
1 0.446289 0.839844 0.056641 0.066406
1 0.344727 0.801758 0.095703 0.064453
1 0.108398 0.728516 0.076172 0.074219
1 0.083008 0.614258 0.080078 0.080078
1 0.086914 0.528320 0.037109 0.076172
1 0.135742 0.531250 0.052734 0.058594
1 0.214844 0.499023 0.058594 0.068359
1 0.306641 0.535156 0.027344 0.039062
1 0.319336 0.574219 0.041016 0.035156
1 0.359375 0.606445 0.023438 0.017578
1 0.442383 0.556641 0.041016 0.019531
1 0.401367 0.377930 0.103516 0.111328
1 0.424805 0.296875 0.076172 0.062500
1 0.310547 0.310547 0.093750 0.054688
1 0.186523 0.319336 0.134766 0.048828
1 0.142578 0.369141 0.054688 0.042969
1 0.262695 0.198242 0.052734 0.052734
1 0.346680 0.172852 0.029297 0.041016
