1 0.775391 0.482422 0.035156 0.093750
1 0.840820 0.540039 0.056641 0.126953
1 0.859375 0.423828 0.042969 0.050781
1 0.758789 0.249023 0.025391 0.017578
1 0.629883 0.174805 0.044922 0.029297
1 0.500977 0.323242 0.041016 0.064453
1 0.591797 0.378906 0.019531 0.035156
1 0.302734 0.273438 0.023438 0.035156
1 0.304688 0.320312 0.035156 0.035156
1 0.291016 0.383789 0.070312 0.056641
1 0.223633 0.345703 0.041016 0.062500
1 0.178711 0.386719 0.017578 0.027344
1 0.166992 0.518555 0.052734 0.044922
1 0.163086 0.588867 0.044922 0.076172
1 0.190430 0.678711 0.095703 0.068359
1 0.218750 0.750977 0.070312 0.048828
1 0.267578 0.806641 0.058594 0.050781
1 0.333008 0.865234 0.072266 0.050781
1 0.307617 0.698242 0.037109 0.080078
1 0.338867 0.585938 0.111328 0.109375
1 0.414062 0.634766 0.082031 0.171875
1 0.512695 0.620117 0.041016 0.033203
1 0.576172 0.673828 0.039062 0.050781
1 0.618164 0.651367 0.033203 0.037109
1 0.541016 0.720703 0.070312 0.027344
1 0.572266 0.828125 0.054688 0.054688
1 0.653320 0.866211 0.033203 0.044922
1 0.715820 0.892578 0.041016 0.031250
1 0.604492 0.931641 0.169922 0.058594
1 0.651367 0.525391 0.044922 0.042969
1 0.694336 0.500977 0.025391 0.044922
