1 0.244141 0.494141 0.058594 0.082031
1 0.411133 0.545898 0.080078 0.068359
1 0.367188 0.621094 0.054688 0.042969
1 0.431641 0.650391 0.031250 0.050781
1 0.363281 0.676758 0.093750 0.037109
1 0.339844 0.725586 0.125000 0.056641
1 0.353516 0.793945 0.128906 0.080078
1 0.114258 0.596680 0.048828 0.041016
1 0.177734 0.572266 0.023438 0.058594
1 0.033203 0.661133 0.058594 0.048828
1 0.583008 0.542969 0.126953 0.160156
1 0.727539 0.556641 0.146484 0.128906
1 0.919922 0.539062 0.132812 0.089844
1 0.877930 0.601562 0.068359 0.042969
1 0.659180 0.671875 0.056641 0.058594
1 0.741211 0.703125 0.060547 0.058594
1 0.564453 0.817383 0.082031 0.068359
1 0.533203 0.704102 0.027344 0.033203
1 0.605469 0.691406 0.039062 0.054688
1 0.615234 0.387695 0.023438 0.052734
1 0.725586 0.378906 0.072266 0.031250
