1 0.120117 0.355469 0.095703 0.089844
1 0.194336 0.295898 0.048828 0.041016
1 0.247070 0.306641 0.041016 0.050781
1 0.301758 0.298828 0.044922 0.050781
1 0.470703 0.240234 0.035156 0.035156
1 0.535156 0.223633 0.054688 0.048828
1 0.555664 0.286133 0.052734 0.048828
1 0.617188 0.259766 0.054688 0.078125
1 0.661133 0.283203 0.025391 0.089844
1 0.751953 0.257812 0.023438 0.042969
1 0.793945 0.312500 0.052734 0.070312
1 0.838867 0.517578 0.044922 0.105469
1 0.505859 0.430664 0.074219 0.076172
1 0.529297 0.485352 0.050781 0.052734
1 0.594727 0.438477 0.044922 0.052734
1 0.625000 0.387695 0.019531 0.044922
1 0.324219 0.468750 0.058594 0.050781
1 0.378906 0.473633 0.031250 0.037109
1 0.430664 0.466797 0.029297 0.023438
1 0.400391 0.535156 0.062500 0.039062
1 0.438477 0.583008 0.041016 0.025391
1 0.049805 0.559570 0.095703 0.080078
1 0.159180 0.588867 0.052734 0.068359
1 0.244141 0.553711 0.070312 0.044922
1 0.292969 0.548828 0.023438 0.035156
1 0.252930 0.639648 0.041016 0.044922
1 0.320312 0.670898 0.054688 0.080078
1 0.404297 0.711914 0.054688 0.052734
1 0.464844 0.744141 0.050781 0.085938
1 0.497070 0.687500 0.037109 0.062500
1 0.533203 0.694336 0.042969 0.041016
1 0.587891 0.692383 0.070312 0.037109
