1 0.083008 0.436523 0.142578 0.095703
1 0.232422 0.418945 0.144531 0.115234
1 0.355469 0.293945 0.074219 0.052734
1 0.453125 0.269531 0.074219 0.105469
1 0.479492 0.533203 0.134766 0.093750
1 0.424805 0.424805 0.068359 0.072266
1 0.385742 0.511719 0.080078 0.074219
1 0.107422 0.617188 0.058594 0.078125
1 0.225586 0.666992 0.115234 0.099609
1 0.495117 0.741211 0.091797 0.080078
1 0.593750 0.726562 0.089844 0.089844
1 0.686523 0.728516 0.068359 0.078125
1 0.812500 0.673828 0.105469 0.089844
1 0.844727 0.490234 0.060547 0.085938
1 0.765625 0.515625 0.031250 0.050781
1 0.713867 0.458008 0.037109 0.044922
1 0.693359 0.369141 0.031250 0.050781
1 0.575195 0.559570 0.060547 0.083984
