1 0.357422 0.433594 0.027344 0.031250
1 0.404297 0.377930 0.105469 0.048828
1 0.636719 0.455078 0.066406 0.039062
1 0.666992 0.438477 0.033203 0.044922
1 0.422852 0.520508 0.115234 0.064453
1 0.544922 0.538086 0.066406 0.056641
1 0.527344 0.602539 0.066406 0.044922
1 0.745117 0.604492 0.060547 0.037109
1 0.100586 0.465820 0.060547 0.072266
1 0.187500 0.469727 0.070312 0.095703
1 0.252930 0.485352 0.037109 0.083984
1 0.082031 0.556641 0.082031 0.058594
1 0.169922 0.554688 0.074219 0.027344
1 0.256836 0.581055 0.060547 0.052734
1 0.354492 0.624023 0.083984 0.064453
1 0.140625 0.698242 0.066406 0.064453
1 0.166016 0.615234 0.050781 0.042969
1 0.291016 0.687500 0.085938 0.054688
1 0.246094 0.747070 0.128906 0.064453
1 0.406250 0.743164 0.113281 0.029297
1 0.519531 0.725586 0.078125 0.060547
1 0.609375 0.704102 0.050781 0.060547
1 0.666992 0.668945 0.056641 0.052734
1 0.659180 0.557617 0.041016 0.048828
