1 0.445312 0.080078 0.097656 0.117188
1 0.407227 0.163086 0.056641 0.037109
1 0.462891 0.242188 0.058594 0.121094
1 0.370117 0.251953 0.033203 0.046875
1 0.355469 0.290039 0.054688 0.060547
1 0.308594 0.332031 0.062500 0.050781
1 0.290039 0.372070 0.052734 0.048828
1 0.278320 0.422852 0.087891 0.068359
1 0.271484 0.492188 0.089844 0.085938
1 0.347656 0.439453 0.039062 0.050781
1 0.437500 0.429688 0.054688 0.054688
1 0.472656 0.370117 0.042969 0.064453
1 0.513672 0.383789 0.070312 0.076172
1 0.557617 0.527344 0.130859 0.210938
1 0.530273 0.679688 0.134766 0.066406
1 0.503906 0.766602 0.089844 0.064453
1 0.497070 0.839844 0.111328 0.050781
1 0.682617 0.800781 0.123047 0.089844
1 0.722656 0.666016 0.109375 0.097656
1 0.747070 0.536133 0.123047 0.134766
1 0.752930 0.449219 0.080078 0.066406
1 0.738281 0.372070 0.046875 0.033203
1 0.650391 0.387695 0.074219 0.064453
1 0.583984 0.086914 0.078125 0.056641
1 0.664062 0.127930 0.093750 0.064453
1 0.649414 0.192383 0.091797 0.056641
1 0.680664 0.265625 0.068359 0.046875
1 0.732422 0.199219 0.046875 0.066406
