1 0.561523 0.285156 0.212891 0.128906
1 0.726562 0.365234 0.078125 0.054688
1 0.838867 0.385742 0.048828 0.080078
1 0.947266 0.435547 0.105469 0.093750
1 0.873047 0.614258 0.101562 0.064453
1 0.784180 0.693359 0.083984 0.070312
1 0.874023 0.677734 0.048828 0.054688
1 0.607422 0.512695 0.093750 0.076172
1 0.590820 0.438477 0.115234 0.115234
1 0.483398 0.545898 0.123047 0.115234
1 0.373047 0.576172 0.113281 0.082031
1 0.203125 0.630859 0.082031 0.050781
1 0.204102 0.693359 0.091797 0.066406
1 0.436523 0.737305 0.255859 0.134766
1 0.172852 0.502930 0.134766 0.119141
