1 0.422852 0.074219 0.166016 0.062500
1 0.642578 0.132812 0.105469 0.085938
1 0.746094 0.182617 0.070312 0.060547
1 0.792969 0.274414 0.039062 0.052734
1 0.820312 0.342773 0.031250 0.068359
1 0.854492 0.406250 0.029297 0.066406
1 0.842773 0.470703 0.052734 0.039062
1 0.700195 0.598633 0.099609 0.076172
1 0.771484 0.654297 0.039062 0.070312
1 0.811523 0.606445 0.060547 0.037109
1 0.700195 0.724609 0.029297 0.035156
1 0.679688 0.656250 0.046875 0.039062
1 0.512695 0.668945 0.044922 0.080078
1 0.405273 0.619141 0.037109 0.039062
1 0.312500 0.484375 0.023438 0.085938
1 0.439453 0.440430 0.066406 0.052734
1 0.485352 0.384766 0.037109 0.039062
1 0.678711 0.423828 0.076172 0.078125
1 0.599609 0.346680 0.078125 0.146484
1 0.429688 0.172852 0.039062 0.068359
1 0.494141 0.173828 0.039062 0.062500
1 0.452148 0.258789 0.044922 0.033203
1 0.429688 0.311523 0.054688 0.041016
1 0.400391 0.342773 0.058594 0.029297
1 0.191406 0.331055 0.085938 0.095703
1 0.151367 0.424805 0.064453 0.087891
1 0.185547 0.500000 0.039062 0.054688
1 0.231445 0.525391 0.064453 0.093750
1 0.169922 0.590820 0.074219 0.044922
1 0.280273 0.102539 0.072266 0.044922
