1 0.375977 0.244141 0.044922 0.054688
1 0.419922 0.212891 0.039062 0.039062
1 0.439453 0.312500 0.054688 0.027344
1 0.452148 0.378906 0.052734 0.042969
1 0.399414 0.357422 0.056641 0.031250
1 0.284180 0.379883 0.037109 0.041016
1 0.296875 0.442383 0.058594 0.033203
1 0.458984 0.445312 0.031250 0.042969
1 0.792969 0.483398 0.027344 0.029297
1 0.885742 0.582031 0.052734 0.085938
1 0.933594 0.512695 0.050781 0.052734
1 0.974609 0.472656 0.031250 0.023438
1 0.665039 0.673828 0.025391 0.023438
1 0.103516 0.556641 0.062500 0.023438
1 0.177734 0.615234 0.058594 0.070312
1 0.207031 0.484375 0.023438 0.027344
1 0.093750 0.500977 0.023438 0.044922
1 0.580078 0.656250 0.054688 0.031250
1 0.443359 0.675781 0.023438 0.023438
1 0.547852 0.705078 0.037109 0.019531
