1 0.574219 0.289062 0.191406 0.101562
1 0.717773 0.357422 0.068359 0.062500
1 0.831055 0.390625 0.076172 0.078125
1 0.941406 0.438477 0.109375 0.076172
1 0.887695 0.610352 0.076172 0.076172
1 0.787109 0.643555 0.050781 0.056641
1 0.501953 0.537109 0.144531 0.105469
1 0.613281 0.503906 0.074219 0.054688
1 0.616211 0.454102 0.064453 0.041016
1 0.167969 0.491211 0.035156 0.064453
1 0.189453 0.644531 0.078125 0.058594
1 0.193359 0.713867 0.078125 0.048828
1 0.340820 0.706055 0.072266 0.048828
1 0.431641 0.728516 0.070312 0.085938
1 0.502930 0.774414 0.068359 0.060547
1 0.601562 0.659180 0.031250 0.060547
