1 0.530273 0.099609 0.052734 0.042969
1 0.568359 0.165039 0.046875 0.044922
1 0.607422 0.360352 0.164062 0.169922
1 0.712891 0.582031 0.109375 0.085938
1 0.603516 0.635742 0.058594 0.033203
1 0.610352 0.686523 0.103516 0.056641
1 0.643555 0.747070 0.083984 0.072266
1 0.695312 0.699219 0.039062 0.042969
1 0.462891 0.915039 0.093750 0.146484
1 0.550781 0.891602 0.066406 0.068359
1 0.458008 0.616211 0.126953 0.130859
1 0.457031 0.749023 0.132812 0.134766
1 0.328125 0.662109 0.039062 0.050781
1 0.393555 0.395508 0.048828 0.041016
1 0.444336 0.475586 0.052734 0.111328
1 0.498047 0.405273 0.070312 0.080078
1 0.381836 0.318359 0.056641 0.070312
1 0.469727 0.318359 0.021484 0.058594
1 0.507812 0.299805 0.031250 0.048828
1 0.435547 0.228516 0.035156 0.039062
1 0.445312 0.173828 0.050781 0.035156
1 0.496094 0.213867 0.035156 0.029297
