1 0.416992 0.150391 0.037109 0.027344
1 0.460938 0.205078 0.054688 0.074219
1 0.569336 0.159180 0.056641 0.029297
1 0.668945 0.204102 0.076172 0.060547
1 0.886719 0.268555 0.035156 0.056641
1 0.926758 0.325195 0.044922 0.044922
1 0.926758 0.406250 0.041016 0.066406
1 0.918945 0.473633 0.037109 0.041016
1 0.864258 0.486328 0.056641 0.058594
1 0.837891 0.561523 0.074219 0.037109
1 0.856445 0.647461 0.068359 0.052734
1 0.700195 0.700195 0.064453 0.044922
1 0.795898 0.681641 0.060547 0.031250
1 0.804688 0.741211 0.031250 0.044922
1 0.757812 0.762695 0.054688 0.033203
1 0.731445 0.792969 0.041016 0.027344
1 0.665039 0.822266 0.044922 0.062500
1 0.592773 0.837891 0.083984 0.039062
1 0.587891 0.683594 0.066406 0.050781
1 0.587891 0.458984 0.113281 0.074219
1 0.494141 0.305664 0.054688 0.037109
1 0.379883 0.416016 0.060547 0.027344
1 0.333984 0.497070 0.042969 0.044922
1 0.274414 0.712891 0.044922 0.046875
1 0.349609 0.773438 0.066406 0.039062
1 0.325195 0.755859 0.001953 0.003906
1 0.176758 0.373047 0.021484 0.031250
1 0.244141 0.231445 0.023438 0.037109
