1 0.262695 0.476562 0.037109 0.042969
1 0.419922 0.531250 0.058594 0.035156
1 0.387695 0.572266 0.052734 0.042969
1 0.374023 0.606445 0.087891 0.044922
1 0.343750 0.736328 0.152344 0.175781
1 0.571289 0.827148 0.126953 0.076172
1 0.691406 0.719727 0.195312 0.107422
1 0.606445 0.542969 0.130859 0.144531
1 0.754883 0.539062 0.091797 0.140625
1 0.905273 0.541016 0.158203 0.128906
1 0.625977 0.407227 0.087891 0.068359
1 0.115234 0.596680 0.085938 0.021484
1 0.175781 0.572266 0.027344 0.042969
1 0.210938 0.535156 0.046875 0.050781
1 0.062500 0.665039 0.089844 0.037109
