1 0.114258 0.530273 0.130859 0.080078
1 0.247070 0.549805 0.107422 0.119141
1 0.405273 0.535156 0.201172 0.140625
1 0.597656 0.574219 0.113281 0.109375
1 0.754883 0.485352 0.044922 0.052734
1 0.879883 0.578125 0.091797 0.058594
1 0.748047 0.602539 0.121094 0.041016
1 0.666016 0.736328 0.195312 0.171875
1 0.951172 0.674805 0.046875 0.044922
1 0.191406 0.634766 0.031250 0.023438
1 0.282227 0.700195 0.138672 0.103516
1 0.402344 0.692383 0.050781 0.048828
1 0.443359 0.828125 0.113281 0.148438
1 0.117188 0.606445 0.113281 0.029297
