1 0.463867 0.387695 0.048828 0.048828
1 0.593750 0.275391 0.039062 0.066406
1 0.434570 0.333984 0.025391 0.046875
1 0.663086 0.415039 0.033203 0.060547
1 0.705078 0.492188 0.023438 0.035156
1 0.695312 0.578125 0.097656 0.046875
1 0.711914 0.662109 0.068359 0.078125
1 0.751953 0.750977 0.066406 0.056641
1 0.682617 0.785156 0.056641 0.039062
1 0.422852 0.641602 0.041016 0.068359
1 0.372070 0.584961 0.048828 0.076172
1 0.458008 0.722656 0.029297 0.046875
1 0.452148 0.802734 0.130859 0.101562
1 0.509766 0.922852 0.070312 0.107422
1 0.582031 0.929688 0.035156 0.031250
1 0.678711 0.861328 0.064453 0.035156
