1 0.578125 0.270508 0.085938 0.048828
1 0.702148 0.280273 0.123047 0.115234
1 0.824219 0.272461 0.089844 0.068359
1 0.863281 0.385742 0.183594 0.142578
1 0.886719 0.508789 0.082031 0.107422
1 0.791016 0.529297 0.109375 0.093750
1 0.604492 0.600586 0.103516 0.099609
1 0.516602 0.469727 0.072266 0.052734
1 0.570312 0.411133 0.085938 0.060547
1 0.661133 0.402344 0.037109 0.078125
1 0.782227 0.410156 0.119141 0.078125
1 0.429688 0.337891 0.066406 0.035156
1 0.494141 0.284180 0.031250 0.037109
1 0.595703 0.471680 0.070312 0.052734
1 0.699219 0.502930 0.054688 0.041016
