1 0.202148 0.340820 0.072266 0.099609
1 0.349609 0.295898 0.074219 0.099609
1 0.454102 0.286133 0.044922 0.111328
1 0.522461 0.233398 0.048828 0.044922
1 0.735352 0.333008 0.087891 0.080078
1 0.817383 0.327148 0.056641 0.056641
1 0.892578 0.371094 0.035156 0.054688
1 0.929688 0.567383 0.117188 0.091797
1 0.811523 0.589844 0.091797 0.058594
1 0.738281 0.543945 0.062500 0.041016
1 0.719727 0.633789 0.080078 0.048828
1 0.671875 0.707031 0.105469 0.078125
1 0.543945 0.711914 0.091797 0.095703
1 0.617188 0.464844 0.097656 0.058594
1 0.608398 0.539062 0.119141 0.078125
1 0.502930 0.451172 0.142578 0.093750
1 0.377930 0.438477 0.095703 0.064453
1 0.294922 0.434570 0.039062 0.037109
1 0.168945 0.513672 0.076172 0.078125
