1 0.198242 0.361328 0.072266 0.039062
1 0.857422 0.407227 0.132812 0.087891
1 0.958984 0.485352 0.050781 0.041016
1 0.789062 0.516602 0.050781 0.044922
1 0.683594 0.312500 0.050781 0.046875
1 0.596680 0.331055 0.037109 0.037109
1 0.540039 0.312500 0.080078 0.062500
1 0.622070 0.450195 0.037109 0.033203
1 0.218750 0.497070 0.054688 0.056641
1 0.108398 0.442383 0.091797 0.091797
1 0.288086 0.609375 0.080078 0.144531
1 0.432617 0.634766 0.115234 0.105469
1 0.409180 0.750977 0.115234 0.087891
1 0.431641 0.551758 0.093750 0.048828
1 0.558594 0.628906 0.050781 0.074219
1 0.687500 0.603516 0.019531 0.031250
