1 0.533203 0.108398 0.121094 0.177734
1 0.533203 0.285156 0.121094 0.179688
1 0.536133 0.426758 0.130859 0.111328
1 0.550781 0.579102 0.054688 0.064453
1 0.614258 0.626953 0.064453 0.074219
1 0.501953 0.658203 0.039062 0.058594
1 0.495117 0.750977 0.041016 0.083984
1 0.589844 0.719727 0.035156 0.044922
1 0.632812 0.764648 0.054688 0.021484
1 0.630859 0.839844 0.035156 0.027344
1 0.591797 0.896484 0.023438 0.050781
1 0.654297 0.951172 0.031250 0.054688
1 0.741211 0.657227 0.169922 0.166016
1 0.693359 0.262695 0.074219 0.044922
1 0.703125 0.361328 0.070312 0.109375
1 0.805664 0.458008 0.072266 0.076172
1 0.410156 0.206055 0.023438 0.048828
1 0.407227 0.357422 0.048828 0.078125
