1 0.378906 0.137695 0.101562 0.072266
1 0.561523 0.083984 0.099609 0.031250
1 0.655273 0.074219 0.072266 0.046875
1 0.741211 0.110352 0.037109 0.029297
1 0.806641 0.344727 0.058594 0.076172
1 0.825195 0.445312 0.111328 0.074219
1 0.815430 0.527344 0.052734 0.062500
1 0.846680 0.589844 0.037109 0.035156
1 0.768555 0.530273 0.048828 0.041016
1 0.631836 0.477539 0.044922 0.041016
1 0.701172 0.479492 0.054688 0.068359
1 0.566406 0.447266 0.078125 0.070312
1 0.587891 0.309570 0.046875 0.060547
1 0.386719 0.399414 0.058594 0.103516
1 0.323242 0.420898 0.068359 0.064453
1 0.242188 0.204102 0.027344 0.052734
1 0.288086 0.287109 0.052734 0.105469
1 0.333008 0.199219 0.044922 0.039062
1 0.193359 0.313477 0.035156 0.029297
1 0.163086 0.417969 0.052734 0.078125
1 0.225586 0.671875 0.099609 0.101562
1 0.293945 0.730469 0.052734 0.062500
1 0.305664 0.602539 0.060547 0.037109
1 0.484375 0.677734 0.070312 0.082031
1 0.596680 0.620117 0.041016 0.060547
1 0.761719 0.763672 0.031250 0.050781
1 0.632812 0.821289 0.050781 0.033203
1 0.433594 0.487305 0.027344 0.056641
1 0.226562 0.474609 0.027344 0.070312
1 0.231445 0.343750 0.009766 0.027344
1 0.246094 0.396484 0.023438 0.042969
1 0.580078 0.165039 0.027344 0.033203
1 0.608398 0.154297 0.009766 0.011719
1 0.668945 0.134766 0.068359 0.023438
1 0.515625 0.145508 0.058594 0.048828
