1 0.588867 0.195312 0.072266 0.035156
1 0.627930 0.237305 0.044922 0.037109
1 0.691406 0.280273 0.035156 0.029297
1 0.692383 0.392578 0.037109 0.128906
1 0.591797 0.376953 0.113281 0.164062
1 0.055664 0.498047 0.091797 0.070312
1 0.172852 0.539062 0.060547 0.042969
1 0.134766 0.609375 0.128906 0.101562
1 0.895508 0.558594 0.044922 0.050781
1 0.918945 0.510742 0.048828 0.029297
1 0.794922 0.510742 0.035156 0.048828
1 0.817383 0.628906 0.037109 0.050781
1 0.718750 0.507812 0.058594 0.050781
1 0.330078 0.495117 0.101562 0.033203
1 0.402344 0.659180 0.054688 0.044922
1 0.547852 0.695312 0.068359 0.050781
1 0.386719 0.333008 0.046875 0.017578
1 0.459961 0.367188 0.037109 0.042969
1 0.332031 0.408203 0.050781 0.039062
1 0.302734 0.336914 0.050781 0.033203
1 0.148438 0.375977 0.070312 0.056641
1 0.074219 0.378906 0.050781 0.019531
