1 0.434570 0.399414 0.080078 0.173828
1 0.375000 0.239258 0.042969 0.037109
1 0.426758 0.210938 0.037109 0.042969
1 0.289062 0.404297 0.050781 0.125000
1 0.225586 0.416992 0.021484 0.041016
1 0.198242 0.506836 0.037109 0.033203
1 0.096680 0.549805 0.048828 0.091797
1 0.181641 0.634766 0.050781 0.070312
1 0.855469 0.610352 0.113281 0.083984
1 0.946289 0.524414 0.076172 0.083984
1 0.795898 0.506836 0.060547 0.052734
1 0.857422 0.543945 0.042969 0.048828
1 0.883789 0.545898 0.033203 0.037109
1 0.601562 0.660156 0.046875 0.046875
1 0.679688 0.670898 0.035156 0.029297
