1 0.581055 0.118164 0.177734 0.189453
1 0.671875 0.307617 0.023438 0.056641
1 0.683594 0.420898 0.039062 0.048828
1 0.692383 0.494141 0.048828 0.035156
1 0.687500 0.555664 0.015625 0.033203
1 0.646484 0.822266 0.050781 0.074219
1 0.557617 0.891602 0.048828 0.076172
1 0.541016 0.375000 0.042969 0.039062
1 0.375977 0.459961 0.021484 0.048828
1 0.411133 0.540039 0.138672 0.052734
1 0.373047 0.595703 0.105469 0.082031
1 0.385742 0.697266 0.064453 0.082031
1 0.451172 0.705078 0.062500 0.054688
1 0.247070 0.645508 0.064453 0.056641
1 0.287109 0.694336 0.035156 0.041016
1 0.354492 0.712891 0.041016 0.054688
1 0.208984 0.568359 0.011719 0.054688
