1 0.185547 0.260742 0.074219 0.044922
1 0.133789 0.290039 0.037109 0.025391
1 0.200195 0.321289 0.076172 0.048828
1 0.195312 0.360352 0.074219 0.041016
1 0.142578 0.403320 0.109375 0.056641
1 0.098633 0.447266 0.095703 0.050781
1 0.090820 0.517578 0.080078 0.070312
1 0.194336 0.542969 0.080078 0.070312
1 0.244141 0.486328 0.027344 0.031250
1 0.398438 0.593750 0.132812 0.113281
1 0.627930 0.547852 0.068359 0.025391
1 0.416016 0.333984 0.125000 0.179688
1 0.316406 0.264648 0.082031 0.041016
1 0.307617 0.335938 0.080078 0.058594
1 0.301758 0.407227 0.091797 0.060547
1 0.544922 0.356445 0.062500 0.087891
