1 0.502930 0.262695 0.130859 0.013672
1 0.653320 0.264648 0.033203 0.021484
1 0.728516 0.284180 0.050781 0.044922
1 0.748047 0.328125 0.046875 0.035156
1 0.793945 0.372070 0.033203 0.044922
1 0.850586 0.379883 0.029297 0.044922
1 0.898438 0.434570 0.078125 0.044922
1 0.925781 0.382812 0.039062 0.042969
1 0.890625 0.510742 0.082031 0.095703
1 0.820312 0.519531 0.062500 0.070312
1 0.752930 0.538086 0.048828 0.111328
1 0.635742 0.560547 0.048828 0.031250
1 0.608398 0.612305 0.107422 0.072266
1 0.375977 0.548828 0.068359 0.031250
1 0.495117 0.596680 0.103516 0.056641
1 0.509766 0.393555 0.042969 0.056641
1 0.615234 0.418945 0.093750 0.044922
1 0.593750 0.329102 0.054688 0.052734
1 0.682617 0.342773 0.033203 0.037109
1 0.484375 0.304688 0.046875 0.027344
1 0.267578 0.399414 0.050781 0.044922
