1 0.410156 0.302734 0.214844 0.117188
1 0.459961 0.199219 0.103516 0.074219
1 0.363281 0.439453 0.312500 0.132812
1 0.368164 0.567383 0.322266 0.103516
1 0.306641 0.679688 0.140625 0.093750
1 0.511719 0.673828 0.078125 0.074219
1 0.395508 0.808594 0.080078 0.078125
1 0.593750 0.181641 0.105469 0.050781
1 0.596680 0.341797 0.087891 0.070312
1 0.794922 0.399414 0.101562 0.091797
1 0.652344 0.451172 0.167969 0.070312
1 0.751953 0.548828 0.128906 0.089844
1 0.619141 0.546875 0.105469 0.050781
1 0.775391 0.631836 0.136719 0.056641
1 0.775391 0.729492 0.085938 0.064453
1 0.582031 0.605469 0.046875 0.039062
1 0.749023 0.791016 0.041016 0.011719
