1 0.419922 0.111328 0.050781 0.042969
1 0.412109 0.214844 0.058594 0.039062
1 0.387695 0.260742 0.064453 0.013672
1 0.348633 0.313477 0.068359 0.037109
1 0.457031 0.586914 0.164062 0.447266
1 0.689453 0.189453 0.113281 0.070312
1 0.676758 0.477539 0.189453 0.146484
1 0.701172 0.636719 0.136719 0.113281
1 0.679688 0.714844 0.066406 0.042969
1 0.595703 0.665039 0.070312 0.107422
1 0.690430 0.289062 0.119141 0.070312
1 0.774414 0.359375 0.044922 0.042969
1 0.835938 0.338867 0.046875 0.041016
1 0.558594 0.270508 0.039062 0.064453
