1 0.653320 0.348633 0.095703 0.060547
1 0.746094 0.426758 0.093750 0.056641
1 0.864258 0.431641 0.060547 0.062500
1 0.963867 0.464844 0.072266 0.085938
1 0.979492 0.523438 0.041016 0.039062
1 0.745117 0.618164 0.064453 0.021484
1 0.680664 0.539062 0.037109 0.054688
1 0.627930 0.437500 0.072266 0.058594
1 0.524414 0.363281 0.095703 0.074219
1 0.326172 0.478516 0.074219 0.031250
1 0.742188 0.756836 0.054688 0.115234
1 0.855469 0.770508 0.070312 0.052734
1 0.700195 0.838867 0.033203 0.044922
1 0.366211 0.757812 0.037109 0.031250
1 0.190430 0.746094 0.072266 0.066406
1 0.401367 0.836914 0.076172 0.033203
1 0.479492 0.825195 0.033203 0.029297
1 0.622070 0.826172 0.029297 0.031250
