1 0.654297 0.339844 0.062500 0.062500
1 0.743164 0.423828 0.044922 0.050781
1 0.790039 0.398438 0.025391 0.031250
1 0.877930 0.432617 0.033203 0.037109
1 0.959961 0.465820 0.037109 0.048828
1 0.680664 0.533203 0.037109 0.042969
1 0.641602 0.436523 0.060547 0.060547
1 0.544922 0.349609 0.062500 0.066406
1 0.586914 0.372070 0.021484 0.033203
1 0.340820 0.425781 0.037109 0.031250
1 0.851562 0.762695 0.015625 0.021484
1 0.750000 0.766602 0.054688 0.044922
1 0.742188 0.832031 0.027344 0.023438
1 0.359375 0.751953 0.027344 0.027344
