1 0.360352 0.355469 0.060547 0.085938
1 0.253906 0.422852 0.093750 0.076172
1 0.317383 0.537109 0.068359 0.109375
1 0.366211 0.436523 0.044922 0.041016
1 0.387695 0.546875 0.029297 0.023438
1 0.142578 0.437500 0.082031 0.031250
1 0.055664 0.450195 0.029297 0.025391
1 0.033203 0.478516 0.031250 0.015625
1 0.020508 0.528320 0.037109 0.037109
1 0.182617 0.633789 0.021484 0.060547
1 0.107422 0.719727 0.097656 0.060547
1 0.206055 0.791992 0.076172 0.044922
1 0.263672 0.835938 0.039062 0.035156
1 0.264648 0.736328 0.115234 0.070312
1 0.525391 0.769531 0.027344 0.039062
1 0.637695 0.757812 0.072266 0.042969
1 0.756836 0.586914 0.029297 0.037109
1 0.692383 0.483398 0.013672 0.001953
1 0.664062 0.474609 0.035156 0.027344
1 0.646484 0.423828 0.035156 0.019531
1 0.512695 0.362305 0.103516 0.044922
1 0.583008 0.546875 0.041016 0.035156
1 0.690430 0.532227 0.041016 0.021484
1 0.801758 0.717773 0.037109 0.033203
1 0.784180 0.773438 0.041016 0.050781
1 0.950195 0.687500 0.060547 0.039062
