1 0.370117 0.398438 0.072266 0.074219
1 0.540039 0.442383 0.099609 0.072266
1 0.413086 0.481445 0.091797 0.052734
1 0.324219 0.691406 0.050781 0.070312
1 0.696289 0.355469 0.041016 0.046875
1 0.734375 0.562500 0.039062 0.039062
1 0.709961 0.609375 0.103516 0.078125
1 0.471680 0.603516 0.072266 0.042969
1 0.486328 0.759766 0.070312 0.066406
1 0.546875 0.704102 0.042969 0.041016
1 0.334961 0.590820 0.076172 0.048828
1 0.319336 0.497070 0.072266 0.072266
1 0.552734 0.509766 0.128906 0.042969
1 0.400391 0.695312 0.054688 0.039062
1 0.511719 0.366211 0.070312 0.037109
1 0.449219 0.411133 0.039062 0.052734
1 0.740234 0.401367 0.035156 0.017578
1 0.688477 0.693359 0.021484 0.031250
1 0.553711 0.575195 0.017578 0.044922
