1 0.462891 0.137695 0.136719 0.107422
1 0.613281 0.076172 0.089844 0.054688
1 0.778320 0.110352 0.123047 0.052734
1 0.846680 0.231445 0.052734 0.029297
1 0.868164 0.297852 0.076172 0.064453
1 0.658203 0.517578 0.179688 0.707031
1 0.539062 0.609375 0.121094 0.050781
1 0.497070 0.736328 0.177734 0.152344
1 0.226562 0.464844 0.042969 0.222656
1 0.334961 0.267578 0.076172 0.082031
1 0.416992 0.315430 0.099609 0.080078
1 0.465820 0.226562 0.052734 0.023438
1 0.562500 0.257812 0.035156 0.046875
1 0.886719 0.483398 0.082031 0.130859
