1 0.463867 0.270508 0.099609 0.150391
1 0.336914 0.298828 0.087891 0.113281
1 0.330078 0.423828 0.085938 0.070312
1 0.480469 0.450195 0.109375 0.107422
1 0.308594 0.530273 0.085938 0.072266
1 0.453125 0.587891 0.097656 0.085938
1 0.303711 0.643555 0.103516 0.064453
1 0.312500 0.585938 0.121094 0.039062
1 0.397461 0.504883 0.056641 0.060547
1 0.401367 0.458008 0.044922 0.083984
1 0.625000 0.363281 0.125000 0.089844
1 0.623047 0.208008 0.109375 0.080078
1 0.789062 0.419922 0.089844 0.074219
1 0.686523 0.503906 0.107422 0.066406
1 0.684570 0.457031 0.138672 0.042969
1 0.809570 0.548828 0.068359 0.058594
1 0.619141 0.572266 0.085938 0.062500
1 0.743164 0.599609 0.048828 0.074219
1 0.815430 0.684570 0.076172 0.052734
1 0.832031 0.622070 0.066406 0.044922
1 0.766602 0.756836 0.048828 0.064453
1 0.355469 0.731445 0.082031 0.072266
1 0.387695 0.813477 0.060547 0.076172
1 0.690430 0.642578 0.076172 0.054688
1 0.628906 0.278320 0.167969 0.037109
1 0.253906 0.324219 0.062500 0.082031
1 0.240234 0.422852 0.042969 0.048828
1 0.241211 0.615234 0.029297 0.117188
1 0.377930 0.639648 0.021484 0.048828
1 0.531250 0.682617 0.046875 0.037109
