1 0.478516 0.453125 0.105469 0.109375
1 0.454102 0.546875 0.126953 0.066406
1 0.485352 0.642578 0.115234 0.074219
1 0.379883 0.628906 0.068359 0.050781
1 0.744141 0.494141 0.082031 0.074219
1 0.574219 0.268555 0.066406 0.044922
1 0.604492 0.178711 0.064453 0.044922
1 0.662109 0.257812 0.054688 0.046875
1 0.679688 0.651367 0.089844 0.111328
1 0.492188 0.719727 0.093750 0.044922
1 0.593750 0.322266 0.078125 0.050781
1 0.727539 0.327148 0.103516 0.037109
1 0.602539 0.530273 0.076172 0.080078
1 0.610352 0.436523 0.064453 0.064453
1 0.382812 0.268555 0.054688 0.068359
1 0.343750 0.324219 0.035156 0.039062
1 0.378906 0.475586 0.039062 0.044922
1 0.594727 0.666016 0.048828 0.093750
