1 0.415039 0.160156 0.150391 0.054688
1 0.644531 0.320312 0.207031 0.203125
1 0.471680 0.339844 0.169922 0.105469
1 0.477539 0.501953 0.193359 0.121094
1 0.664062 0.472656 0.132812 0.109375
1 0.080078 0.480469 0.082031 0.066406
1 0.219727 0.333008 0.208984 0.162109
1 0.353516 0.457031 0.121094 0.101562
1 0.223633 0.543945 0.150391 0.083984
1 0.147461 0.623047 0.158203 0.031250
1 0.137695 0.743164 0.177734 0.072266
1 0.130859 0.832031 0.152344 0.058594
1 0.327148 0.649414 0.130859 0.099609
1 0.426758 0.792969 0.083984 0.042969
1 0.590820 0.888672 0.091797 0.125000
