1 0.522461 0.070312 0.052734 0.074219
1 0.828125 0.356445 0.152344 0.134766
1 0.779297 0.469727 0.070312 0.072266
1 0.270508 0.121094 0.064453 0.058594
1 0.408203 0.109375 0.062500 0.062500
1 0.637695 0.125977 0.076172 0.091797
1 0.729492 0.137695 0.060547 0.076172
1 0.331055 0.296875 0.236328 0.105469
1 0.528320 0.259766 0.087891 0.062500
1 0.623047 0.244141 0.062500 0.027344
1 0.557617 0.358398 0.181641 0.052734
1 0.092773 0.398438 0.119141 0.093750
1 0.109375 0.596680 0.109375 0.095703
1 0.166016 0.782227 0.222656 0.111328
1 0.239258 0.494141 0.072266 0.128906
1 0.491211 0.494141 0.236328 0.125000
1 0.556641 0.639648 0.121094 0.080078
1 0.680664 0.593750 0.091797 0.078125
1 0.687500 0.448242 0.097656 0.080078
