1 0.625977 0.143555 0.130859 0.099609
1 0.780273 0.243164 0.115234 0.068359
1 0.687500 0.260742 0.113281 0.060547
1 0.511719 0.209961 0.082031 0.052734
1 0.821289 0.354492 0.138672 0.095703
1 0.911133 0.490234 0.025391 0.039062
1 0.957031 0.434570 0.085938 0.103516
1 0.852539 0.656250 0.275391 0.199219
1 0.477539 0.337891 0.255859 0.183594
1 0.314453 0.462891 0.132812 0.062500
1 0.496094 0.512695 0.195312 0.083984
1 0.286133 0.659180 0.216797 0.115234
1 0.479492 0.789062 0.107422 0.097656
1 0.543945 0.929688 0.119141 0.089844
1 0.346680 0.886719 0.169922 0.089844
