1 0.274414 0.222656 0.107422 0.097656
1 0.561523 0.234375 0.044922 0.042969
1 0.633789 0.249023 0.048828 0.044922
1 0.584961 0.181641 0.041016 0.031250
1 0.801758 0.239258 0.021484 0.064453
1 0.828125 0.419922 0.042969 0.062500
1 0.752930 0.466797 0.052734 0.027344
1 0.672852 0.522461 0.052734 0.037109
1 0.625977 0.549805 0.029297 0.037109
1 0.329102 0.451172 0.037109 0.062500
1 0.375000 0.547852 0.058594 0.052734
1 0.247070 0.579102 0.068359 0.056641
1 0.350586 0.645508 0.103516 0.087891
1 0.464844 0.651367 0.089844 0.037109
1 0.555664 0.601562 0.044922 0.023438
1 0.625977 0.581055 0.017578 0.017578
1 0.041016 0.534180 0.078125 0.068359
