1 0.459961 0.436523 0.123047 0.443359
1 0.333984 0.443359 0.113281 0.402344
1 0.311523 0.698242 0.103516 0.076172
1 0.381836 0.795898 0.064453 0.064453
1 0.624023 0.188477 0.064453 0.044922
1 0.668945 0.291016 0.072266 0.046875
1 0.594727 0.352539 0.099609 0.072266
1 0.697266 0.455078 0.289062 0.082031
1 0.775391 0.604492 0.152344 0.099609
1 0.790039 0.709961 0.115234 0.048828
1 0.595703 0.552734 0.136719 0.101562
1 0.233398 0.461914 0.083984 0.197266
1 0.254883 0.299805 0.041016 0.091797
1 0.775391 0.372070 0.066406 0.052734
1 0.768555 0.773438 0.052734 0.035156
1 0.510742 0.691406 0.064453 0.042969
