1 0.521484 0.342773 0.101562 0.126953
1 0.523438 0.514648 0.085938 0.181641
1 0.616211 0.345703 0.033203 0.117188
1 0.622070 0.485352 0.056641 0.103516
1 0.304688 0.345703 0.062500 0.078125
1 0.412109 0.306641 0.050781 0.085938
1 0.416992 0.557617 0.068359 0.033203
1 0.416016 0.475586 0.066406 0.048828
1 0.282227 0.517578 0.111328 0.113281
1 0.425781 0.668945 0.046875 0.029297
1 0.417969 0.736328 0.078125 0.050781
1 0.338867 0.753906 0.068359 0.042969
1 0.408203 0.821289 0.128906 0.060547
1 0.656250 0.687500 0.046875 0.042969
1 0.605469 0.742188 0.039062 0.035156
1 0.325195 0.430664 0.095703 0.048828
