1 0.374023 0.090820 0.154297 0.107422
1 0.535156 0.070312 0.097656 0.101562
1 0.739258 0.093750 0.115234 0.078125
1 0.911133 0.211914 0.115234 0.087891
1 0.561523 0.226562 0.103516 0.089844
1 0.216797 0.287109 0.062500 0.050781
1 0.187500 0.371094 0.078125 0.082031
1 0.229492 0.510742 0.076172 0.064453
1 0.288086 0.603516 0.095703 0.039062
1 0.571289 0.768555 0.056641 0.076172
1 0.658203 0.859375 0.074219 0.050781
1 0.595703 0.868164 0.046875 0.033203
1 0.885742 0.639648 0.080078 0.068359
1 0.932617 0.518555 0.064453 0.072266
1 0.740234 0.305664 0.125000 0.083984
1 0.527344 0.453125 0.109375 0.070312
1 0.730469 0.543945 0.171875 0.107422
