1 0.474609 0.450195 0.082031 0.123047
1 0.479492 0.605469 0.115234 0.156250
1 0.384766 0.596680 0.050781 0.080078
1 0.383789 0.264648 0.033203 0.037109
1 0.345703 0.318359 0.066406 0.027344
1 0.612305 0.215820 0.115234 0.126953
1 0.575195 0.333008 0.033203 0.037109
1 0.716797 0.346680 0.089844 0.068359
1 0.722656 0.465820 0.058594 0.064453
1 0.615234 0.509766 0.066406 0.093750
1 0.708984 0.670898 0.082031 0.123047
1 0.617188 0.678711 0.062500 0.111328
1 0.573242 0.667969 0.025391 0.042969
1 0.510742 0.723633 0.056641 0.056641
