1 0.324219 0.138672 0.195312 0.078125
1 0.197266 0.259766 0.136719 0.050781
1 0.319336 0.254883 0.103516 0.037109
1 0.240234 0.345703 0.210938 0.085938
1 0.151367 0.432617 0.134766 0.052734
1 0.070312 0.513672 0.023438 0.066406
1 0.273438 0.545898 0.187500 0.076172
1 0.196289 0.706055 0.154297 0.212891
1 0.402344 0.849609 0.105469 0.128906
1 0.547852 0.691406 0.080078 0.156250
1 0.668945 0.637695 0.134766 0.107422
1 0.559570 0.556641 0.138672 0.113281
1 0.444336 0.431641 0.091797 0.117188
1 0.523438 0.211914 0.082031 0.103516
1 0.487305 0.053711 0.064453 0.041016
1 0.708984 0.081055 0.128906 0.048828
1 0.650391 0.289062 0.066406 0.078125
1 0.694336 0.410156 0.123047 0.082031
