1 0.430664 0.250977 0.177734 0.103516
1 0.293945 0.276367 0.080078 0.064453
1 0.378906 0.357422 0.300781 0.074219
1 0.366211 0.450195 0.318359 0.076172
1 0.365234 0.541016 0.324219 0.062500
1 0.321289 0.615234 0.216797 0.050781
1 0.302734 0.687500 0.125000 0.058594
1 0.622070 0.191406 0.072266 0.054688
1 0.624023 0.335938 0.134766 0.066406
1 0.776367 0.369141 0.115234 0.097656
1 0.646484 0.431641 0.125000 0.074219
1 0.810547 0.532227 0.136719 0.181641
1 0.646484 0.541992 0.179688 0.126953
1 0.777344 0.669922 0.195312 0.097656
1 0.762695 0.770508 0.064453 0.037109
1 0.388672 0.766602 0.144531 0.095703
1 0.467773 0.587891 0.005859 0.007812
1 0.482422 0.614258 0.054688 0.017578
1 0.481445 0.609375 0.033203 0.035156
1 0.484375 0.614258 0.039062 0.044922
