1 0.525391 0.012695 0.039062 0.021484
1 0.469727 0.041992 0.044922 0.025391
1 0.436523 0.070312 0.044922 0.035156
1 0.530273 0.323242 0.044922 0.056641
1 0.400391 0.238281 0.078125 0.070312
1 0.352539 0.369141 0.169922 0.070312
1 0.425781 0.290039 0.109375 0.021484
1 0.370117 0.455078 0.130859 0.031250
1 0.481445 0.652344 0.044922 0.062500
1 0.541992 0.412109 0.044922 0.039062
1 0.698242 0.101562 0.025391 0.015625
1 0.782227 0.157227 0.037109 0.048828
1 0.818359 0.255859 0.027344 0.027344
1 0.740234 0.235352 0.039062 0.037109
1 0.753906 0.512695 0.027344 0.064453
1 0.716797 0.580078 0.035156 0.039062
1 0.752930 0.643555 0.033203 0.037109
