1 0.668945 0.449219 0.111328 0.097656
1 0.709961 0.565430 0.126953 0.072266
1 0.791992 0.608398 0.029297 0.037109
1 0.675781 0.646484 0.113281 0.070312
1 0.552734 0.648438 0.117188 0.074219
1 0.882812 0.555664 0.035156 0.037109
1 0.951172 0.544922 0.058594 0.054688
1 0.833008 0.357422 0.029297 0.027344
1 0.755859 0.187500 0.058594 0.042969
1 0.852539 0.225586 0.091797 0.037109
1 0.923828 0.289062 0.042969 0.035156
1 0.462891 0.178711 0.066406 0.029297
1 0.450195 0.130859 0.052734 0.019531
1 0.213867 0.216797 0.041016 0.027344
1 0.355469 0.237305 0.078125 0.044922
1 0.427734 0.227539 0.050781 0.037109
1 0.491211 0.232422 0.037109 0.027344
1 0.193359 0.434570 0.101562 0.029297
1 0.323242 0.509766 0.107422 0.042969
1 0.377930 0.550781 0.025391 0.117188
1 0.459961 0.538086 0.060547 0.048828
1 0.541992 0.564453 0.064453 0.039062
1 0.405273 0.328125 0.068359 0.050781
1 0.484375 0.380859 0.023438 0.046875
