1 0.430664 0.280273 0.193359 0.095703
1 0.683594 0.372070 0.085938 0.326172
1 0.764648 0.506836 0.037109 0.302734
1 0.842773 0.514648 0.087891 0.076172
1 0.593750 0.588867 0.089844 0.115234
1 0.692383 0.613281 0.072266 0.109375
1 0.762695 0.781250 0.076172 0.066406
1 0.436523 0.704102 0.169922 0.072266
1 0.440430 0.560547 0.158203 0.156250
1 0.464844 0.393555 0.074219 0.087891
1 0.325195 0.434570 0.130859 0.103516
1 0.294922 0.327148 0.085938 0.107422
1 0.200195 0.488281 0.048828 0.082031
1 0.253906 0.623047 0.175781 0.117188
1 0.442383 0.869141 0.205078 0.179688
