1 0.417969 0.102539 0.160156 0.052734
1 0.442383 0.183594 0.166016 0.089844
1 0.412109 0.292969 0.101562 0.085938
1 0.310547 0.338867 0.070312 0.041016
1 0.208008 0.450195 0.083984 0.052734
1 0.450195 0.439453 0.142578 0.078125
1 0.340820 0.545898 0.095703 0.072266
1 0.484375 0.586914 0.097656 0.091797
1 0.292969 0.629883 0.105469 0.068359
1 0.388672 0.720703 0.207031 0.085938
1 0.736328 0.404297 0.261719 0.199219
1 0.801758 0.221680 0.146484 0.115234
1 0.678711 0.591797 0.177734 0.101562
1 0.650391 0.712891 0.171875 0.109375
