1 0.174805 0.386719 0.072266 0.117188
1 0.405273 0.299805 0.369141 0.091797
1 0.461914 0.205078 0.318359 0.078125
1 0.712891 0.411133 0.179688 0.126953
1 0.787109 0.279297 0.074219 0.074219
1 0.873047 0.375977 0.058594 0.111328
1 0.327148 0.826172 0.189453 0.093750
1 0.800781 0.680664 0.070312 0.244141
1 0.553711 0.879883 0.216797 0.103516
1 0.564453 0.751953 0.179688 0.082031
1 0.664062 0.664062 0.066406 0.058594
1 0.552734 0.505859 0.101562 0.050781
1 0.525391 0.403320 0.085938 0.080078
1 0.726562 0.858398 0.113281 0.056641
