1 0.392578 0.127930 0.113281 0.068359
1 0.473633 0.286133 0.083984 0.134766
1 0.308594 0.264648 0.148438 0.126953
1 0.239258 0.535156 0.162109 0.269531
1 0.290039 0.745117 0.146484 0.115234
1 0.510742 0.479492 0.072266 0.138672
1 0.380859 0.414062 0.082031 0.062500
1 0.368164 0.619141 0.060547 0.050781
1 0.741211 0.193359 0.224609 0.125000
1 0.873047 0.523438 0.097656 0.085938
1 0.831055 0.684570 0.068359 0.150391
1 0.885742 0.338867 0.068359 0.087891
1 0.749023 0.409180 0.134766 0.095703
1 0.750000 0.524414 0.050781 0.021484
