1 0.168945 0.314453 0.091797 0.085938
1 0.125000 0.378906 0.140625 0.054688
1 0.111328 0.316406 0.050781 0.050781
1 0.268555 0.287109 0.052734 0.058594
1 0.237305 0.352539 0.052734 0.052734
1 0.266602 0.405273 0.181641 0.044922
1 0.346680 0.309570 0.072266 0.095703
1 0.439453 0.326172 0.078125 0.042969
1 0.403320 0.400391 0.060547 0.070312
1 0.488281 0.430664 0.144531 0.025391
1 0.674805 0.362305 0.056641 0.033203
1 0.659180 0.419922 0.142578 0.066406
1 0.112305 0.466797 0.130859 0.078125
1 0.213867 0.472656 0.064453 0.074219
1 0.167969 0.550781 0.035156 0.062500
1 0.273438 0.571289 0.132812 0.119141
1 0.309570 0.476562 0.037109 0.062500
1 0.414062 0.582031 0.046875 0.062500
1 0.502930 0.613281 0.091797 0.046875
1 0.550781 0.602539 0.054688 0.060547
1 0.487305 0.530273 0.048828 0.041016
1 0.517578 0.472656 0.066406 0.042969
1 0.679688 0.557617 0.066406 0.044922
1 0.469727 0.661133 0.072266 0.021484
