1 0.303711 0.433594 0.052734 0.042969
1 0.346680 0.571289 0.166016 0.068359
1 0.455078 0.422852 0.066406 0.080078
1 0.521484 0.350586 0.132812 0.064453
1 0.729492 0.404297 0.072266 0.050781
1 0.751953 0.465820 0.109375 0.064453
1 0.692383 0.504883 0.052734 0.107422
1 0.852539 0.529297 0.236328 0.058594
1 0.845703 0.461914 0.058594 0.080078
1 0.849609 0.606445 0.218750 0.056641
1 0.823242 0.680664 0.091797 0.099609
1 0.753906 0.656250 0.027344 0.050781
1 0.742188 0.715820 0.078125 0.064453
1 0.663086 0.708008 0.033203 0.087891
1 0.583984 0.676758 0.082031 0.029297
1 0.597656 0.596680 0.066406 0.037109
1 0.685547 0.606445 0.097656 0.041016
1 0.596680 0.644531 0.083984 0.035156
1 0.528320 0.558594 0.134766 0.039062
1 0.590820 0.520508 0.212891 0.044922
1 0.621094 0.485352 0.078125 0.048828
1 0.599609 0.431641 0.058594 0.054688
