1 0.686523 0.484375 0.072266 0.070312
1 0.693359 0.411133 0.078125 0.048828
1 0.741211 0.312500 0.060547 0.093750
1 0.770508 0.214844 0.072266 0.082031
1 0.851562 0.290039 0.093750 0.087891
1 0.885742 0.230469 0.107422 0.046875
1 0.672852 0.230469 0.154297 0.058594
1 0.707031 0.310547 0.078125 0.089844
1 0.623047 0.380859 0.078125 0.113281
1 0.560547 0.331055 0.058594 0.080078
1 0.493164 0.149414 0.072266 0.123047
1 0.388672 0.151367 0.066406 0.111328
1 0.448242 0.296875 0.142578 0.156250
1 0.351562 0.314453 0.050781 0.144531
1 0.260742 0.312500 0.060547 0.078125
1 0.204102 0.291992 0.025391 0.041016
1 0.192383 0.347656 0.029297 0.058594
1 0.136719 0.395508 0.074219 0.091797
1 0.334961 0.403320 0.236328 0.087891
1 0.284180 0.541992 0.291016 0.169922
1 0.487305 0.490234 0.064453 0.066406
1 0.458984 0.697266 0.265625 0.199219
1 0.707031 0.800781 0.054688 0.039062
