1 0.692383 0.485352 0.126953 0.123047
1 0.760742 0.230469 0.212891 0.214844
1 0.473633 0.285156 0.240234 0.312500
1 0.628906 0.213867 0.074219 0.072266
1 0.637695 0.384766 0.064453 0.113281
1 0.269531 0.324219 0.058594 0.066406
1 0.296875 0.202148 0.109375 0.076172
1 0.204102 0.293945 0.037109 0.037109
1 0.186523 0.343750 0.033203 0.039062
1 0.157227 0.373047 0.072266 0.046875
1 0.113281 0.403320 0.019531 0.025391
1 0.148438 0.419922 0.066406 0.035156
1 0.235352 0.393555 0.056641 0.064453
1 0.254883 0.486328 0.154297 0.058594
1 0.330078 0.530273 0.113281 0.123047
1 0.199219 0.553711 0.062500 0.083984
1 0.357422 0.648438 0.195312 0.132812
1 0.486328 0.490234 0.078125 0.066406
1 0.410156 0.561523 0.054688 0.064453
1 0.508789 0.688477 0.134766 0.146484
1 0.444336 0.755859 0.068359 0.054688
1 0.697266 0.797852 0.046875 0.025391
1 0.532227 0.819336 0.068359 0.044922
