1 0.368164 0.302734 0.080078 0.062500
1 0.259766 0.359375 0.078125 0.050781
1 0.364258 0.367188 0.099609 0.054688
1 0.311523 0.287109 0.025391 0.027344
1 0.477539 0.384766 0.115234 0.046875
1 0.600586 0.386719 0.123047 0.062500
1 0.628906 0.333984 0.078125 0.039062
1 0.714844 0.303711 0.144531 0.037109
1 0.594727 0.282227 0.056641 0.048828
1 0.643555 0.244141 0.033203 0.031250
1 0.458008 0.247070 0.048828 0.037109
1 0.306641 0.430664 0.097656 0.076172
1 0.462891 0.444336 0.121094 0.060547
1 0.394531 0.477539 0.089844 0.095703
1 0.638672 0.435547 0.042969 0.046875
1 0.805664 0.420898 0.037109 0.068359
1 0.853516 0.373047 0.042969 0.035156
1 0.697266 0.515625 0.042969 0.058594
1 0.744141 0.512695 0.019531 0.048828
1 0.779297 0.550781 0.027344 0.039062
1 0.729492 0.590820 0.060547 0.064453
1 0.703125 0.448242 0.035156 0.033203
1 0.555664 0.515625 0.087891 0.074219
1 0.499023 0.558594 0.041016 0.101562
1 0.646484 0.569336 0.089844 0.107422
1 0.576172 0.587891 0.054688 0.035156
1 0.556641 0.615234 0.078125 0.019531
1 0.411133 0.548828 0.041016 0.031250
