1 0.160156 0.491211 0.046875 0.041016
1 0.239258 0.541016 0.103516 0.113281
1 0.371094 0.485352 0.164062 0.060547
1 0.379883 0.417969 0.072266 0.039062
1 0.599609 0.456055 0.113281 0.146484
1 0.516602 0.515625 0.138672 0.035156
1 0.708984 0.562500 0.468750 0.070312
1 0.716797 0.458984 0.125000 0.160156
1 0.886719 0.463867 0.199219 0.181641
1 0.793945 0.627930 0.197266 0.068359
1 0.463867 0.659180 0.123047 0.099609
1 0.519531 0.598633 0.125000 0.037109
1 0.583008 0.692383 0.091797 0.138672
1 0.342773 0.627930 0.072266 0.076172
1 0.372070 0.559570 0.080078 0.068359
