1 0.261719 0.435547 0.085938 0.062500
1 0.204102 0.474609 0.052734 0.066406
1 0.362305 0.490234 0.189453 0.058594
1 0.343750 0.569336 0.093750 0.091797
1 0.440430 0.339844 0.080078 0.066406
1 0.353516 0.371094 0.085938 0.062500
1 0.538086 0.295898 0.146484 0.099609
1 0.679688 0.301758 0.109375 0.080078
1 0.731445 0.380859 0.068359 0.144531
1 0.847656 0.380859 0.214844 0.121094
1 0.846680 0.540039 0.240234 0.130859
1 0.890625 0.462891 0.218750 0.035156
1 0.695312 0.537109 0.074219 0.093750
1 0.698242 0.590820 0.126953 0.060547
1 0.607422 0.609375 0.117188 0.074219
1 0.571289 0.490234 0.115234 0.082031
1 0.447266 0.434570 0.089844 0.076172
