1 0.572266 0.271484 0.078125 0.058594
1 0.316406 0.443359 0.171875 0.195312
1 0.206055 0.475586 0.103516 0.146484
1 0.440430 0.326172 0.130859 0.097656
1 0.478516 0.274414 0.136719 0.134766
1 0.485352 0.515625 0.048828 0.085938
1 0.682617 0.529297 0.072266 0.144531
1 0.153320 0.614258 0.095703 0.126953
1 0.248047 0.660156 0.109375 0.167969
1 0.343750 0.625977 0.125000 0.142578
1 0.470703 0.662109 0.117188 0.167969
1 0.453125 0.750000 0.218750 0.082031
1 0.474609 0.868164 0.246094 0.150391
1 0.589844 0.692383 0.074219 0.193359
1 0.773438 0.744141 0.207031 0.171875
