1 0.224609 0.464844 0.113281 0.125000
1 0.316406 0.414062 0.253906 0.074219
1 0.326172 0.329102 0.289062 0.080078
1 0.316406 0.250000 0.195312 0.085938
1 0.411133 0.163086 0.158203 0.087891
1 0.535156 0.207031 0.199219 0.082031
1 0.595703 0.320312 0.125000 0.101562
1 0.491211 0.312500 0.115234 0.117188
1 0.537109 0.426758 0.058594 0.068359
1 0.563477 0.621094 0.216797 0.113281
1 0.418945 0.643555 0.087891 0.111328
1 0.336914 0.631836 0.048828 0.048828
1 0.395508 0.571289 0.068359 0.044922
1 0.346680 0.494141 0.064453 0.070312
1 0.415039 0.494141 0.044922 0.050781
1 0.524414 0.529297 0.064453 0.066406
1 0.601562 0.425781 0.050781 0.035156
1 0.587891 0.498047 0.039062 0.054688
