1 0.177734 0.386719 0.265625 0.125000
1 0.086914 0.518555 0.134766 0.154297
1 0.248047 0.491211 0.167969 0.076172
1 0.246094 0.596680 0.164062 0.103516
1 0.374023 0.581055 0.080078 0.134766
1 0.437500 0.474609 0.183594 0.066406
1 0.386719 0.416992 0.160156 0.091797
1 0.346680 0.313477 0.103516 0.044922
1 0.456055 0.278320 0.150391 0.091797
1 0.506836 0.337891 0.201172 0.078125
1 0.440430 0.359375 0.134766 0.082031
1 0.516602 0.412109 0.087891 0.070312
1 0.645508 0.370117 0.080078 0.060547
1 0.760742 0.463867 0.224609 0.142578
1 0.634766 0.510742 0.160156 0.095703
1 0.464844 0.533203 0.148438 0.125000
