1 0.430664 0.399414 0.099609 0.111328
1 0.501953 0.382812 0.054688 0.035156
1 0.565430 0.356445 0.052734 0.041016
1 0.593750 0.334961 0.042969 0.037109
1 0.667969 0.379883 0.042969 0.033203
1 0.767578 0.447266 0.031250 0.042969
1 0.790039 0.538086 0.111328 0.107422
1 0.733398 0.529297 0.033203 0.046875
1 0.662109 0.505859 0.050781 0.062500
1 0.599609 0.428711 0.042969 0.052734
1 0.572266 0.447266 0.042969 0.054688
1 0.609375 0.563477 0.117188 0.076172
1 0.469727 0.563477 0.087891 0.048828
1 0.407227 0.511719 0.033203 0.027344
1 0.369141 0.652344 0.027344 0.031250
1 0.411133 0.689453 0.056641 0.093750
1 0.451172 0.664062 0.035156 0.101562
1 0.459961 0.754883 0.056641 0.080078
1 0.395508 0.779297 0.029297 0.035156
1 0.508789 0.793945 0.087891 0.087891
1 0.565430 0.835938 0.041016 0.101562
1 0.594727 0.811523 0.021484 0.033203
1 0.647461 0.832031 0.021484 0.039062
1 0.640625 0.786133 0.042969 0.041016
1 0.677734 0.694336 0.292969 0.162109
