1 0.420898 0.397461 0.115234 0.111328
1 0.518555 0.381836 0.087891 0.068359
1 0.585938 0.339844 0.085938 0.082031
1 0.661133 0.377930 0.064453 0.048828
1 0.770508 0.528320 0.146484 0.126953
1 0.665039 0.500977 0.052734 0.080078
1 0.607422 0.477539 0.097656 0.076172
1 0.456055 0.564453 0.087891 0.078125
1 0.682617 0.578125 0.291016 0.082031
1 0.660156 0.691406 0.269531 0.152344
1 0.628906 0.777344 0.160156 0.082031
1 0.578125 0.828125 0.179688 0.078125
1 0.500977 0.778320 0.138672 0.087891
1 0.413086 0.757812 0.134766 0.089844
1 0.438477 0.700195 0.126953 0.103516
1 0.446289 0.649414 0.169922 0.091797
