1 0.354492 0.325195 0.123047 0.146484
1 0.259766 0.346680 0.089844 0.099609
1 0.451172 0.273438 0.066406 0.093750
1 0.592773 0.287109 0.048828 0.054688
1 0.574219 0.384766 0.296875 0.074219
1 0.698242 0.302734 0.197266 0.078125
1 0.824219 0.410156 0.093750 0.117188
1 0.425781 0.428711 0.320312 0.064453
1 0.455078 0.495117 0.253906 0.080078
1 0.581055 0.582031 0.357422 0.105469
1 0.677734 0.496094 0.199219 0.078125
1 0.640625 0.434570 0.074219 0.033203
1 0.788086 0.550781 0.029297 0.046875
1 0.429688 0.554688 0.078125 0.058594
