1 0.371094 0.418945 0.062500 0.037109
1 0.366211 0.482422 0.130859 0.085938
1 0.247070 0.564453 0.099609 0.070312
1 0.323242 0.616211 0.095703 0.103516
1 0.618164 0.397461 0.076172 0.076172
1 0.571289 0.417969 0.064453 0.074219
1 0.570312 0.511719 0.214844 0.058594
1 0.557617 0.450195 0.169922 0.064453
1 0.703125 0.444336 0.093750 0.142578
1 0.586914 0.563477 0.259766 0.080078
1 0.454102 0.661133 0.080078 0.076172
1 0.510742 0.621094 0.099609 0.039062
1 0.541016 0.702148 0.117188 0.130859
1 0.799805 0.415039 0.095703 0.068359
1 0.896484 0.460938 0.121094 0.109375
1 0.796875 0.503906 0.105469 0.082031
1 0.803711 0.462891 0.025391 0.070312
1 0.925781 0.534180 0.148438 0.048828
1 0.831055 0.608398 0.263672 0.130859
