1 0.304688 0.434570 0.070312 0.056641
1 0.286133 0.506836 0.087891 0.072266
1 0.421875 0.495117 0.093750 0.048828
1 0.458008 0.387695 0.208984 0.080078
1 0.528320 0.332031 0.072266 0.027344
1 0.749023 0.473633 0.130859 0.193359
1 0.841797 0.495117 0.054688 0.150391
1 0.913086 0.528320 0.072266 0.087891
1 0.588867 0.418945 0.052734 0.083984
1 0.507812 0.478516 0.097656 0.050781
1 0.577148 0.531250 0.205078 0.042969
1 0.631836 0.481445 0.095703 0.029297
1 0.642578 0.445312 0.101562 0.074219
1 0.315430 0.603516 0.111328 0.125000
1 0.405273 0.554688 0.091797 0.054688
1 0.527344 0.556641 0.136719 0.027344
1 0.599609 0.599609 0.101562 0.058594
1 0.731445 0.601562 0.095703 0.050781
1 0.874023 0.666992 0.158203 0.169922
1 0.666016 0.691406 0.265625 0.113281
1 0.668945 0.609375 0.041016 0.031250
