1 0.446289 0.235352 0.068359 0.083984
1 0.521484 0.184570 0.042969 0.095703
1 0.384766 0.291016 0.097656 0.089844
1 0.517578 0.325195 0.105469 0.158203
1 0.486328 0.423828 0.046875 0.054688
1 0.361328 0.467773 0.074219 0.080078
1 0.584961 0.367188 0.048828 0.054688
1 0.309570 0.473633 0.060547 0.162109
1 0.263672 0.568359 0.066406 0.117188
1 0.341797 0.584961 0.074219 0.103516
1 0.322266 0.674805 0.070312 0.103516
1 0.443359 0.604492 0.039062 0.263672
1 0.395508 0.520508 0.060547 0.076172
1 0.407227 0.626953 0.044922 0.070312
1 0.398438 0.716797 0.117188 0.066406
1 0.380859 0.780273 0.156250 0.064453
1 0.395508 0.841797 0.142578 0.058594
1 0.380859 0.918945 0.117188 0.072266
1 0.513672 0.921875 0.152344 0.152344
1 0.541992 0.806641 0.154297 0.054688
1 0.556641 0.751953 0.167969 0.066406
1 0.564453 0.701172 0.105469 0.074219
1 0.581055 0.611328 0.095703 0.074219
1 0.514648 0.629883 0.072266 0.080078
1 0.533203 0.548828 0.144531 0.093750
1 0.504883 0.416992 0.029297 0.033203
