1 0.455078 0.303711 0.085938 0.056641
1 0.401367 0.317383 0.064453 0.107422
1 0.427734 0.207031 0.101562 0.062500
1 0.464844 0.118164 0.125000 0.087891
1 0.520508 0.087891 0.123047 0.070312
1 0.554688 0.043945 0.097656 0.064453
1 0.612305 0.098633 0.103516 0.083984
1 0.583008 0.166016 0.126953 0.101562
1 0.606445 0.257812 0.095703 0.105469
1 0.574219 0.301758 0.093750 0.115234
1 0.543945 0.403320 0.076172 0.130859
1 0.546875 0.519531 0.058594 0.148438
1 0.502930 0.596680 0.044922 0.142578
1 0.468750 0.666016 0.097656 0.105469
1 0.426758 0.661133 0.072266 0.072266
1 0.529297 0.739258 0.113281 0.087891
1 0.536133 0.794922 0.052734 0.050781
1 0.646484 0.552734 0.089844 0.109375
1 0.700195 0.495117 0.060547 0.083984
1 0.717773 0.416992 0.068359 0.107422
1 0.685547 0.341797 0.078125 0.074219
1 0.660156 0.418945 0.062500 0.083984
1 0.625000 0.498047 0.093750 0.097656
1 0.426758 0.515625 0.029297 0.046875
