1 0.301758 0.445312 0.091797 0.058594
1 0.476562 0.397461 0.132812 0.068359
1 0.563477 0.338867 0.173828 0.041016
1 0.750977 0.471680 0.126953 0.185547
1 0.901367 0.497070 0.158203 0.154297
1 0.878906 0.667969 0.148438 0.164062
1 0.755859 0.600586 0.082031 0.052734
1 0.703125 0.604492 0.066406 0.060547
1 0.651367 0.672852 0.072266 0.138672
1 0.578125 0.671875 0.058594 0.136719
1 0.525391 0.572266 0.136719 0.039062
1 0.570312 0.519531 0.222656 0.066406
1 0.474609 0.457031 0.066406 0.042969
1 0.337891 0.592773 0.164062 0.103516
1 0.841797 0.682617 0.078125 0.115234
