1 0.229492 0.678711 0.365234 0.181641
1 0.434570 0.509766 0.119141 0.085938
1 0.640625 0.421875 0.140625 0.132812
1 0.579102 0.506836 0.083984 0.068359
1 0.867188 0.514648 0.125000 0.076172
1 0.569336 0.587891 0.146484 0.046875
1 0.435547 0.591797 0.152344 0.046875
1 0.700195 0.730469 0.197266 0.152344
1 0.872070 0.611328 0.060547 0.058594
1 0.811523 0.615234 0.037109 0.050781
1 0.209961 0.487305 0.330078 0.150391
1 0.402344 0.374023 0.140625 0.064453
1 0.441406 0.684570 0.062500 0.095703
1 0.543945 0.710938 0.146484 0.089844
