1 0.482422 0.129883 0.097656 0.134766
1 0.405273 0.120117 0.033203 0.037109
1 0.390625 0.192383 0.046875 0.041016
1 0.305664 0.238281 0.087891 0.066406
1 0.245117 0.313477 0.087891 0.091797
1 0.368164 0.403320 0.134766 0.201172
1 0.575195 0.338867 0.158203 0.208984
1 0.513672 0.551758 0.105469 0.244141
1 0.487305 0.587891 0.103516 0.136719
1 0.517578 0.851562 0.183594 0.253906
1 0.643555 0.613281 0.072266 0.097656
1 0.371094 0.656250 0.101562 0.144531
1 0.318359 0.565430 0.105469 0.037109
1 0.326172 0.799805 0.207031 0.318359
