1 0.415039 0.382812 0.123047 0.109375
1 0.556641 0.347656 0.136719 0.101562
1 0.654297 0.359375 0.039062 0.031250
1 0.780273 0.541992 0.134766 0.181641
1 0.664062 0.501953 0.066406 0.089844
1 0.677734 0.575195 0.277344 0.091797
1 0.472656 0.570312 0.105469 0.062500
1 0.591797 0.430664 0.066406 0.056641
1 0.413086 0.679688 0.111328 0.093750
1 0.462891 0.770508 0.109375 0.083984
1 0.407227 0.777344 0.068359 0.058594
1 0.585938 0.801758 0.210938 0.103516
1 0.664062 0.680664 0.375000 0.130859
1 0.708008 0.750000 0.041016 0.035156
