1 0.360352 0.411133 0.060547 0.041016
1 0.366211 0.471680 0.177734 0.107422
1 0.222656 0.536133 0.148438 0.130859
1 0.362305 0.578125 0.119141 0.117188
1 0.347656 0.633789 0.039062 0.056641
1 0.524414 0.673828 0.267578 0.121094
1 0.709961 0.576172 0.517578 0.101562
1 0.759766 0.650391 0.125000 0.054688
1 0.882812 0.642578 0.097656 0.078125
1 0.913086 0.489258 0.119141 0.142578
1 0.803711 0.503906 0.130859 0.105469
1 0.684570 0.408203 0.154297 0.078125
1 0.691406 0.474609 0.140625 0.062500
1 0.827148 0.406250 0.099609 0.066406
1 0.573242 0.407227 0.080078 0.072266
