1 0.404297 0.323242 0.097656 0.197266
1 0.194336 0.367188 0.193359 0.152344
1 0.325195 0.332031 0.083984 0.210938
1 0.469727 0.167969 0.259766 0.140625
1 0.518555 0.319336 0.146484 0.181641
1 0.654297 0.406250 0.128906 0.066406
1 0.694336 0.485352 0.083984 0.080078
1 0.739258 0.268555 0.294922 0.134766
1 0.760742 0.159180 0.181641 0.103516
1 0.223633 0.481445 0.205078 0.052734
1 0.292969 0.578125 0.242188 0.109375
1 0.354492 0.519531 0.091797 0.101562
1 0.480469 0.498047 0.078125 0.105469
1 0.443359 0.695312 0.277344 0.175781
1 0.587891 0.849609 0.277344 0.121094
