1 0.225586 0.544922 0.158203 0.160156
1 0.361328 0.478516 0.187500 0.093750
1 0.364258 0.412109 0.076172 0.042969
1 0.603516 0.419922 0.113281 0.113281
1 0.488281 0.426758 0.042969 0.037109
1 0.579102 0.493164 0.201172 0.076172
1 0.705078 0.458008 0.089844 0.177734
1 0.808594 0.478516 0.136719 0.109375
1 0.835938 0.415039 0.101562 0.068359
1 0.926758 0.483398 0.146484 0.146484
1 0.879883 0.608398 0.146484 0.126953
1 0.765625 0.602539 0.128906 0.126953
1 0.650391 0.565430 0.109375 0.064453
1 0.539062 0.550781 0.125000 0.035156
1 0.516602 0.608398 0.115234 0.048828
1 0.461914 0.656250 0.080078 0.042969
1 0.561523 0.713867 0.134766 0.111328
1 0.617188 0.647461 0.050781 0.033203
1 0.676758 0.684570 0.064453 0.041016
