1 0.416016 0.393555 0.140625 0.111328
1 0.562500 0.367188 0.156250 0.066406
1 0.586914 0.331055 0.041016 0.041016
1 0.660156 0.381836 0.078125 0.052734
1 0.790039 0.537109 0.107422 0.160156
1 0.655273 0.510742 0.072266 0.076172
1 0.691406 0.584961 0.277344 0.091797
1 0.471680 0.565430 0.087891 0.060547
1 0.400391 0.509766 0.050781 0.070312
1 0.468750 0.475586 0.054688 0.041016
1 0.544922 0.434570 0.042969 0.044922
1 0.417969 0.568359 0.082031 0.062500
1 0.371094 0.646484 0.046875 0.035156
1 0.413086 0.681641 0.083984 0.089844
1 0.403320 0.783203 0.037109 0.074219
1 0.463867 0.768555 0.072266 0.064453
1 0.517578 0.694336 0.105469 0.103516
1 0.685547 0.681641 0.296875 0.113281
1 0.666992 0.778320 0.154297 0.095703
1 0.583008 0.820312 0.142578 0.101562
