1 0.295898 0.402344 0.072266 0.066406
1 0.377930 0.434570 0.044922 0.060547
1 0.359375 0.400391 0.050781 0.050781
1 0.349609 0.453125 0.082031 0.054688
1 0.443359 0.477539 0.089844 0.080078
1 0.473633 0.437500 0.099609 0.058594
1 0.496094 0.415039 0.054688 0.044922
1 0.466797 0.403320 0.054688 0.060547
1 0.583984 0.448242 0.050781 0.056641
1 0.652344 0.522461 0.062500 0.064453
1 0.699219 0.570312 0.046875 0.066406
1 0.607422 0.532227 0.089844 0.080078
1 0.530273 0.538086 0.087891 0.080078
1 0.369141 0.551758 0.054688 0.044922
1 0.230469 0.522461 0.050781 0.048828
1 0.217773 0.447266 0.025391 0.035156
1 0.184570 0.603516 0.111328 0.101562
1 0.454102 0.597656 0.275391 0.042969
1 0.678711 0.666016 0.189453 0.160156
1 0.318359 0.673828 0.152344 0.101562
1 0.416016 0.711914 0.093750 0.056641
1 0.496094 0.637695 0.187500 0.044922
1 0.555664 0.726562 0.068359 0.097656
