1 0.610352 0.319336 0.087891 0.173828
1 0.694336 0.371094 0.091797 0.089844
1 0.559570 0.320312 0.060547 0.113281
1 0.531250 0.408203 0.078125 0.085938
1 0.464844 0.392578 0.027344 0.042969
1 0.528320 0.345703 0.033203 0.039062
1 0.375000 0.395508 0.019531 0.037109
1 0.415039 0.488281 0.048828 0.046875
1 0.481445 0.527344 0.076172 0.066406
1 0.453125 0.591797 0.062500 0.062500
1 0.421875 0.655273 0.042969 0.076172
1 0.414062 0.720703 0.050781 0.066406
1 0.452148 0.629883 0.041016 0.060547
1 0.380859 0.533203 0.019531 0.035156
1 0.379883 0.584961 0.017578 0.033203
1 0.480469 0.699219 0.042969 0.042969
1 0.496094 0.738281 0.027344 0.015625
1 0.582031 0.639648 0.066406 0.033203
1 0.455078 0.781250 0.027344 0.031250
1 0.533203 0.783203 0.039062 0.015625
1 0.600586 0.840820 0.099609 0.083984
1 0.609375 0.475586 0.062500 0.111328
1 0.612305 0.576172 0.072266 0.082031
1 0.677734 0.700195 0.089844 0.185547
1 0.715820 0.589844 0.048828 0.054688
1 0.737305 0.450195 0.052734 0.068359
1 0.750000 0.635742 0.027344 0.064453
1 0.599609 0.626953 0.050781 0.042969
