1 0.685547 0.487305 0.085938 0.080078
1 0.777344 0.400391 0.050781 0.062500
1 0.779297 0.470703 0.054688 0.074219
1 0.383789 0.146484 0.056641 0.128906
1 0.460938 0.125000 0.097656 0.167969
1 0.543945 0.134766 0.076172 0.160156
1 0.474609 0.269531 0.207031 0.105469
1 0.359375 0.286133 0.070312 0.111328
1 0.405273 0.382812 0.162109 0.117188
1 0.255859 0.318359 0.050781 0.058594
1 0.247070 0.386719 0.029297 0.082031
1 0.173828 0.345703 0.031250 0.062500
1 0.213867 0.314453 0.056641 0.082031
1 0.290039 0.215820 0.083984 0.091797
1 0.158203 0.386719 0.074219 0.140625
1 0.117188 0.413086 0.035156 0.056641
1 0.592773 0.380859 0.193359 0.125000
1 0.730469 0.260742 0.304688 0.138672
1 0.741211 0.174805 0.107422 0.087891
1 0.701172 0.120117 0.085938 0.056641
1 0.482422 0.491211 0.070312 0.056641
1 0.243164 0.487305 0.197266 0.056641
1 0.333984 0.559570 0.152344 0.111328
1 0.209961 0.563477 0.072266 0.099609
1 0.359375 0.653320 0.199219 0.134766
1 0.473633 0.645508 0.072266 0.076172
1 0.533203 0.708984 0.082031 0.093750
1 0.473633 0.743164 0.095703 0.060547
1 0.887695 0.639648 0.013672 0.048828
