1 0.696289 0.480469 0.083984 0.101562
1 0.451172 0.271484 0.125000 0.156250
1 0.407227 0.361328 0.123047 0.156250
1 0.260742 0.318359 0.048828 0.074219
1 0.196289 0.346680 0.064453 0.060547
1 0.154297 0.403320 0.074219 0.095703
1 0.111328 0.389648 0.031250 0.033203
1 0.281250 0.194336 0.109375 0.095703
1 0.468750 0.134766 0.152344 0.101562
1 0.561523 0.284180 0.080078 0.224609
1 0.546875 0.396484 0.164062 0.097656
1 0.678711 0.404297 0.099609 0.062500
1 0.755859 0.276367 0.292969 0.150391
1 0.758789 0.187500 0.087891 0.050781
1 0.241211 0.489258 0.228516 0.060547
1 0.303711 0.567383 0.232422 0.091797
1 0.488281 0.494141 0.050781 0.062500
1 0.423828 0.665039 0.328125 0.126953
1 0.505859 0.736328 0.183594 0.085938
