1 0.541016 0.688477 0.136719 0.099609
1 0.277344 0.566406 0.050781 0.078125
1 0.184570 0.534180 0.052734 0.064453
1 0.199219 0.689453 0.046875 0.097656
1 0.174805 0.440430 0.025391 0.037109
1 0.229492 0.433594 0.064453 0.046875
1 0.353516 0.395508 0.164062 0.103516
1 0.471680 0.336914 0.166016 0.115234
1 0.473633 0.236328 0.201172 0.093750
1 0.522461 0.151367 0.150391 0.056641
1 0.601562 0.117188 0.035156 0.035156
1 0.639648 0.170898 0.095703 0.044922
1 0.702148 0.208984 0.048828 0.027344
1 0.625977 0.252930 0.169922 0.095703
1 0.643555 0.356445 0.177734 0.130859
1 0.724609 0.457031 0.300781 0.082031
1 0.785156 0.376953 0.144531 0.093750
1 0.827148 0.276367 0.095703 0.123047
1 0.904297 0.400391 0.105469 0.105469
1 0.759766 0.566406 0.347656 0.121094
1 0.753906 0.764648 0.242188 0.263672
