1 0.296875 0.438477 0.074219 0.072266
1 0.443359 0.393555 0.097656 0.048828
1 0.528320 0.359375 0.111328 0.039062
1 0.747070 0.480469 0.119141 0.164062
1 0.833984 0.495117 0.054688 0.146484
1 0.885742 0.519531 0.041016 0.101562
1 0.933594 0.531250 0.042969 0.070312
1 0.599609 0.430664 0.082031 0.068359
1 0.666016 0.467773 0.070312 0.041016
1 0.620117 0.527344 0.103516 0.058594
1 0.537109 0.473633 0.046875 0.044922
1 0.466797 0.458984 0.027344 0.042969
1 0.497070 0.512695 0.064453 0.037109
1 0.314453 0.607422 0.085938 0.121094
1 0.398438 0.556641 0.050781 0.035156
1 0.517578 0.555664 0.093750 0.025391
1 0.832031 0.660156 0.058594 0.144531
1 0.881836 0.621094 0.033203 0.070312
1 0.919922 0.627930 0.050781 0.072266
1 0.715820 0.603516 0.048828 0.035156
1 0.766602 0.601562 0.033203 0.027344
1 0.727539 0.722656 0.025391 0.085938
1 0.783203 0.661133 0.078125 0.056641
1 0.656250 0.663086 0.046875 0.033203
1 0.660156 0.717773 0.058594 0.044922
1 0.570312 0.682617 0.050781 0.041016
1 0.626953 0.593750 0.105469 0.046875
