1 0.373047 0.472656 0.152344 0.125000
1 0.922852 0.482422 0.138672 0.113281
1 0.826172 0.505859 0.136719 0.054688
1 0.762695 0.513672 0.068359 0.031250
1 0.706055 0.452148 0.091797 0.080078
1 0.613281 0.407227 0.109375 0.091797
1 0.642578 0.492188 0.175781 0.101562
1 0.583984 0.537109 0.191406 0.039062
1 0.825195 0.612305 0.267578 0.123047
1 0.622070 0.565430 0.220703 0.052734
1 0.517578 0.607422 0.089844 0.039062
1 0.478516 0.663086 0.085938 0.103516
1 0.560547 0.689453 0.085938 0.125000
1 0.663086 0.661133 0.111328 0.107422
1 0.345703 0.632812 0.070312 0.054688
1 0.394531 0.567383 0.066406 0.107422
