1 0.426758 0.378906 0.119141 0.093750
1 0.501953 0.367188 0.031250 0.058594
1 0.567383 0.355469 0.052734 0.082031
1 0.666016 0.363281 0.050781 0.039062
1 0.764648 0.445312 0.056641 0.046875
1 0.777344 0.504883 0.078125 0.041016
1 0.786133 0.552734 0.111328 0.074219
1 0.654297 0.507812 0.074219 0.074219
1 0.572266 0.504883 0.023438 0.048828
1 0.588867 0.431641 0.080078 0.066406
1 0.401367 0.508789 0.021484 0.068359
1 0.475586 0.556641 0.091797 0.085938
1 0.482422 0.479492 0.054688 0.052734
1 0.401367 0.669922 0.091797 0.097656
1 0.451172 0.754883 0.054688 0.068359
1 0.399414 0.773438 0.025391 0.035156
1 0.488281 0.778320 0.031250 0.033203
1 0.529297 0.794922 0.042969 0.070312
1 0.580078 0.818359 0.085938 0.101562
1 0.666016 0.676758 0.324219 0.142578
1 0.672852 0.803711 0.107422 0.130859
