1 0.421875 0.384766 0.121094 0.093750
1 0.435547 0.435547 0.042969 0.042969
1 0.570312 0.380859 0.082031 0.054688
1 0.504883 0.374023 0.052734 0.056641
1 0.590820 0.337891 0.048828 0.039062
1 0.671875 0.376953 0.074219 0.042969
1 0.787109 0.516602 0.093750 0.166016
1 0.659180 0.515625 0.060547 0.085938
1 0.704102 0.582031 0.283203 0.101562
1 0.479492 0.568359 0.068359 0.089844
1 0.416992 0.583008 0.029297 0.029297
1 0.408203 0.667969 0.101562 0.109375
1 0.447266 0.764648 0.175781 0.087891
1 0.656250 0.689453 0.320312 0.128906
1 0.656250 0.794922 0.121094 0.050781
1 0.643555 0.767578 0.095703 0.058594
1 0.605469 0.839844 0.136719 0.062500
1 0.462891 0.667969 0.109375 0.066406
