1 0.450195 0.399414 0.041016 0.048828
1 0.312500 0.432617 0.031250 0.029297
1 0.272461 0.478516 0.017578 0.066406
1 0.465820 0.411133 0.037109 0.111328
1 0.530273 0.371094 0.095703 0.082031
1 0.523438 0.467773 0.062500 0.037109
1 0.595703 0.425781 0.046875 0.054688
1 0.569336 0.517578 0.189453 0.062500
1 0.696289 0.504883 0.080078 0.095703
1 0.757812 0.518555 0.054688 0.087891
1 0.852539 0.525391 0.103516 0.089844
1 0.834961 0.446289 0.041016 0.072266
1 0.918945 0.526367 0.099609 0.080078
1 0.729492 0.425781 0.087891 0.105469
1 0.349609 0.584961 0.152344 0.095703
1 0.524414 0.556641 0.134766 0.023438
1 0.831055 0.664062 0.052734 0.148438
1 0.895508 0.625000 0.048828 0.070312
1 0.930664 0.611328 0.017578 0.042969
1 0.802734 0.639648 0.035156 0.115234
1 0.757812 0.605469 0.058594 0.058594
1 0.708984 0.599609 0.046875 0.050781
1 0.647461 0.628906 0.044922 0.074219
1 0.644531 0.705078 0.070312 0.085938
1 0.744141 0.704102 0.101562 0.083984
1 0.560547 0.673828 0.062500 0.062500
1 0.605469 0.589844 0.082031 0.042969
