1 0.292969 0.197266 0.031250 0.027344
1 0.433594 0.250000 0.074219 0.046875
1 0.476562 0.165039 0.031250 0.029297
1 0.539062 0.241211 0.085938 0.041016
1 0.517578 0.281250 0.050781 0.035156
1 0.488281 0.317383 0.042969 0.033203
1 0.523438 0.349609 0.015625 0.031250
1 0.572266 0.315430 0.042969 0.060547
1 0.619141 0.362305 0.031250 0.095703
1 0.641602 0.439453 0.107422 0.082031
1 0.580078 0.419922 0.035156 0.054688
1 0.704102 0.488281 0.107422 0.085938
1 0.713867 0.405273 0.052734 0.072266
1 0.795898 0.461914 0.095703 0.134766
1 0.325195 0.518555 0.103516 0.080078
1 0.510742 0.514648 0.072266 0.091797
1 0.347656 0.596680 0.109375 0.091797
1 0.606445 0.640625 0.083984 0.160156
1 0.475586 0.623047 0.123047 0.093750
1 0.534180 0.690430 0.279297 0.115234
1 0.521484 0.842773 0.265625 0.197266
1 0.709961 0.634766 0.115234 0.175781
1 0.856445 0.585938 0.146484 0.089844
1 0.809570 0.652344 0.064453 0.046875
1 0.795898 0.702148 0.044922 0.048828
1 0.274414 0.737305 0.244141 0.205078
