1 0.859375 0.376953 0.042969 0.054688
1 0.801758 0.392578 0.037109 0.046875
1 0.588867 0.288086 0.041016 0.033203
1 0.646484 0.248047 0.046875 0.039062
1 0.370117 0.305664 0.064453 0.072266
1 0.462891 0.250000 0.050781 0.039062
1 0.425781 0.285156 0.031250 0.066406
1 0.263672 0.304688 0.035156 0.023438
1 0.327148 0.361328 0.197266 0.070312
1 0.529297 0.390625 0.210938 0.066406
1 0.618164 0.334961 0.095703 0.068359
1 0.721680 0.296875 0.142578 0.054688
1 0.522461 0.289062 0.064453 0.035156
1 0.314453 0.430664 0.070312 0.052734
1 0.397461 0.482422 0.095703 0.121094
1 0.484375 0.447266 0.089844 0.070312
1 0.588867 0.540039 0.201172 0.146484
1 0.703125 0.527344 0.035156 0.046875
1 0.744141 0.503906 0.011719 0.042969
1 0.785156 0.470703 0.015625 0.050781
1 0.786133 0.552734 0.013672 0.054688
1 0.727539 0.598633 0.025391 0.052734
1 0.745117 0.556641 0.041016 0.042969
1 0.674805 0.625977 0.033203 0.033203
1 0.399414 0.629883 0.013672 0.041016
