1 0.415039 0.606445 0.130859 0.115234
1 0.498047 0.616211 0.031250 0.041016
1 0.574219 0.644531 0.066406 0.089844
1 0.655273 0.626953 0.033203 0.046875
1 0.769531 0.504883 0.074219 0.052734
1 0.787109 0.439453 0.144531 0.085938
1 0.636719 0.426758 0.160156 0.083984
1 0.648438 0.492188 0.085938 0.066406
1 0.464844 0.438477 0.121094 0.076172
1 0.403320 0.489258 0.048828 0.068359
1 0.550781 0.483398 0.082031 0.056641
1 0.677734 0.318359 0.281250 0.132812
1 0.643555 0.218750 0.103516 0.093750
1 0.595703 0.154297 0.078125 0.062500
1 0.553711 0.166992 0.044922 0.037109
1 0.533203 0.203125 0.058594 0.066406
1 0.498047 0.217773 0.023438 0.041016
1 0.455078 0.240234 0.066406 0.054688
1 0.402344 0.222656 0.027344 0.035156
1 0.411133 0.316406 0.103516 0.113281
1 0.504883 0.324219 0.095703 0.109375
1 0.594727 0.548828 0.052734 0.074219
