1 0.287109 0.064453 0.062500 0.054688
1 0.270508 0.119141 0.083984 0.085938
1 0.273438 0.223633 0.066406 0.115234
1 0.309570 0.316406 0.076172 0.066406
1 0.282227 0.386719 0.087891 0.093750
1 0.360352 0.421875 0.076172 0.054688
1 0.376953 0.401367 0.035156 0.033203
1 0.360352 0.501953 0.060547 0.085938
1 0.404297 0.549805 0.046875 0.041016
1 0.603516 0.384766 0.050781 0.054688
1 0.658203 0.457031 0.070312 0.082031
1 0.685547 0.332031 0.062500 0.070312
1 0.690430 0.273438 0.060547 0.023438
1 0.690430 0.102539 0.044922 0.044922
1 0.613281 0.136719 0.042969 0.031250
1 0.564453 0.513672 0.027344 0.027344
