1 0.637695 0.223633 0.458984 0.306641
1 0.673828 0.434570 0.449219 0.134766
1 0.444336 0.423828 0.083984 0.097656
1 0.625977 0.658203 0.380859 0.222656
1 0.834961 0.605469 0.220703 0.183594
1 0.415039 0.671875 0.185547 0.183594
1 0.544922 0.798828 0.285156 0.160156
1 0.208008 0.709961 0.119141 0.185547
1 0.303711 0.638672 0.173828 0.160156
1 0.271484 0.227539 0.070312 0.041016
1 0.241211 0.271484 0.087891 0.042969
1 0.217773 0.313477 0.056641 0.009766
1 0.201172 0.336914 0.082031 0.021484
1 0.212891 0.377930 0.050781 0.041016
1 0.288086 0.444336 0.060547 0.087891
