1 0.343750 0.541016 0.078125 0.074219
1 0.449219 0.498047 0.039062 0.031250
1 0.392578 0.621094 0.066406 0.035156
1 0.322266 0.658203 0.097656 0.082031
1 0.333984 0.725586 0.105469 0.037109
1 0.390625 0.873047 0.046875 0.019531
1 0.308594 0.892578 0.046875 0.042969
1 0.632812 0.980469 0.035156 0.039062
1 0.736328 0.868164 0.093750 0.099609
1 0.713867 0.941406 0.064453 0.066406
1 0.738281 0.764648 0.074219 0.111328
1 0.698242 0.669922 0.072266 0.070312
1 0.705078 0.603516 0.062500 0.085938
1 0.635742 0.600586 0.044922 0.056641
1 0.653320 0.498047 0.138672 0.144531
