1 0.113281 0.289062 0.140625 0.097656
1 0.023438 0.375000 0.031250 0.031250
1 0.231445 0.279297 0.103516 0.070312
1 0.324219 0.303711 0.062500 0.080078
1 0.354492 0.247070 0.029297 0.033203
1 0.394531 0.288086 0.082031 0.044922
1 0.404297 0.365234 0.101562 0.054688
1 0.501953 0.335938 0.121094 0.089844
1 0.551758 0.416016 0.060547 0.031250
1 0.518555 0.550781 0.052734 0.042969
1 0.377930 0.595703 0.048828 0.042969
1 0.460938 0.648438 0.113281 0.078125
1 0.334961 0.673828 0.091797 0.062500
1 0.269531 0.683594 0.054688 0.058594
1 0.142578 0.616211 0.046875 0.052734
1 0.110352 0.687500 0.021484 0.039062
