1 0.530273 0.669922 0.095703 0.082031
1 0.612305 0.605469 0.029297 0.062500
1 0.650391 0.669922 0.046875 0.066406
1 0.728516 0.693359 0.058594 0.066406
1 0.686523 0.666992 0.041016 0.044922
1 0.890625 0.705078 0.035156 0.035156
1 0.874023 0.613281 0.041016 0.062500
1 0.495117 0.547852 0.056641 0.041016
1 0.450195 0.564453 0.037109 0.039062
1 0.470703 0.362305 0.082031 0.060547
1 0.460938 0.414062 0.062500 0.042969
1 0.514648 0.339844 0.048828 0.054688
1 0.573242 0.356445 0.044922 0.029297
1 0.609375 0.373047 0.027344 0.031250
1 0.614258 0.307617 0.064453 0.056641
1 0.675781 0.299805 0.058594 0.052734
1 0.765625 0.263672 0.105469 0.085938
1 0.900391 0.273438 0.156250 0.105469
1 0.980469 0.377930 0.039062 0.044922
