1 0.500977 0.354492 0.083984 0.068359
1 0.455078 0.399414 0.031250 0.060547
1 0.598633 0.355469 0.060547 0.085938
1 0.644531 0.285156 0.148438 0.101562
1 0.766602 0.251953 0.107422 0.093750
1 0.897461 0.264648 0.166016 0.130859
1 0.978516 0.371094 0.039062 0.046875
1 0.865234 0.589844 0.027344 0.054688
1 0.885742 0.682617 0.037109 0.052734
1 0.727539 0.669922 0.041016 0.066406
1 0.654297 0.673828 0.093750 0.074219
1 0.611328 0.596680 0.050781 0.052734
1 0.544922 0.647461 0.105469 0.103516
1 0.489258 0.552734 0.029297 0.031250
