1 0.532227 0.654297 0.123047 0.078125
1 0.612305 0.610352 0.048828 0.048828
1 0.500977 0.550781 0.033203 0.042969
1 0.650391 0.671875 0.101562 0.074219
1 0.722656 0.675781 0.031250 0.066406
1 0.864258 0.609375 0.013672 0.035156
1 0.880859 0.693359 0.039062 0.035156
1 0.492188 0.380859 0.121094 0.105469
1 0.586914 0.357422 0.072266 0.070312
1 0.598633 0.279297 0.048828 0.066406
1 0.657227 0.301758 0.060547 0.068359
1 0.762695 0.265625 0.119141 0.066406
1 0.885742 0.273438 0.146484 0.121094
1 0.977539 0.366211 0.025391 0.033203
