1 0.449219 0.511719 0.164062 0.777344
1 0.260742 0.410156 0.197266 0.269531
1 0.297852 0.258789 0.126953 0.076172
1 0.395508 0.160156 0.060547 0.109375
1 0.591797 0.134766 0.269531 0.089844
1 0.662109 0.233398 0.152344 0.126953
1 0.584961 0.219727 0.091797 0.115234
1 0.590820 0.289062 0.310547 0.078125
1 0.651367 0.497070 0.287109 0.333984
1 0.490234 0.427734 0.097656 0.218750
1 0.454102 0.739258 0.248047 0.322266
1 0.260742 0.742188 0.173828 0.187500
1 0.317383 0.615234 0.208984 0.121094
1 0.654297 0.812500 0.132812 0.132812
1 0.731445 0.683594 0.126953 0.148438
1 0.750977 0.524414 0.115234 0.173828
