1 0.291992 0.462891 0.322266 0.242188
1 0.204102 0.295898 0.099609 0.138672
1 0.348633 0.275391 0.083984 0.160156
1 0.291992 0.315430 0.080078 0.083984
1 0.428711 0.300781 0.091797 0.101562
1 0.526367 0.274414 0.220703 0.146484
1 0.171875 0.626953 0.195312 0.144531
1 0.359375 0.689453 0.328125 0.175781
1 0.406250 0.609375 0.121094 0.105469
1 0.512695 0.504883 0.158203 0.095703
1 0.710938 0.430664 0.339844 0.119141
1 0.701172 0.283203 0.097656 0.074219
1 0.790039 0.354492 0.185547 0.111328
1 0.726562 0.569336 0.367188 0.244141
1 0.582031 0.733398 0.453125 0.099609
