1 0.331055 0.452148 0.283203 0.224609
1 0.208984 0.291016 0.132812 0.125000
1 0.149414 0.423828 0.150391 0.148438
1 0.202148 0.624023 0.208984 0.185547
1 0.462891 0.731445 0.390625 0.126953
1 0.392578 0.596680 0.117188 0.150391
1 0.667969 0.467773 0.398438 0.080078
1 0.744141 0.415039 0.304688 0.052734
1 0.375000 0.286133 0.144531 0.119141
1 0.547852 0.262695 0.232422 0.146484
1 0.716797 0.284180 0.171875 0.138672
1 0.723633 0.372070 0.330078 0.060547
1 0.593750 0.577148 0.210938 0.193359
1 0.814453 0.602539 0.207031 0.212891
