1 0.298828 0.447266 0.437500 0.128906
1 0.208008 0.570312 0.173828 0.128906
1 0.223633 0.632812 0.138672 0.125000
1 0.307617 0.560547 0.099609 0.144531
1 0.438477 0.510742 0.185547 0.123047
1 0.426758 0.684570 0.302734 0.208984
1 0.582031 0.700195 0.304688 0.138672
1 0.719727 0.451172 0.353516 0.042969
1 0.586914 0.451172 0.224609 0.035156
1 0.255859 0.316406 0.140625 0.171875
1 0.189453 0.298828 0.183594 0.121094
1 0.535156 0.221680 0.476562 0.076172
1 0.506836 0.327148 0.380859 0.123047
1 0.459961 0.371094 0.177734 0.164062
1 0.853516 0.594727 0.117188 0.291016
1 0.751953 0.689453 0.066406 0.082031
