1 0.492188 0.195312 0.082031 0.164062
1 0.554688 0.157227 0.035156 0.064453
1 0.413086 0.183594 0.041016 0.042969
1 0.451172 0.151367 0.039062 0.044922
1 0.594727 0.164062 0.029297 0.046875
1 0.544922 0.225586 0.023438 0.048828
1 0.485352 0.319336 0.044922 0.083984
1 0.428711 0.372070 0.064453 0.091797
1 0.448242 0.453125 0.060547 0.042969
1 0.476562 0.405273 0.023438 0.017578
1 0.472656 0.520508 0.039062 0.048828
1 0.477539 0.579102 0.041016 0.052734
1 0.506836 0.542969 0.017578 0.042969
1 0.413086 0.570312 0.025391 0.027344
1 0.371094 0.506836 0.019531 0.013672
1 0.432617 0.505859 0.029297 0.042969
1 0.508789 0.387695 0.021484 0.029297
1 0.389648 0.364258 0.041016 0.029297
1 0.526367 0.327148 0.017578 0.025391
1 0.510742 0.462891 0.041016 0.039062
1 0.512695 0.420898 0.021484 0.017578
1 0.426758 0.268555 0.021484 0.021484
1 0.445312 0.233398 0.015625 0.013672
1 0.586914 0.209961 0.017578 0.037109
