1 0.573242 0.410156 0.033203 0.035156
1 0.179688 0.507812 0.031250 0.035156
1 0.371094 0.695312 0.371094 0.191406
1 0.421875 0.501953 0.070312 0.066406
1 0.584961 0.573242 0.044922 0.033203
1 0.551758 0.455078 0.025391 0.027344
1 0.639648 0.514648 0.017578 0.009766
1 0.529297 0.391602 0.027344 0.048828
1 0.732422 0.511719 0.019531 0.011719
1 0.747070 0.541016 0.025391 0.035156
1 0.716797 0.547852 0.023438 0.025391
1 0.626953 0.417969 0.027344 0.019531
1 0.623047 0.393555 0.015625 0.025391
1 0.650391 0.400391 0.023438 0.027344
1 0.630859 0.452148 0.019531 0.021484
1 0.580078 0.477539 0.015625 0.017578
1 0.561523 0.503906 0.013672 0.042969
1 0.567383 0.529297 0.048828 0.023438
1 0.671875 0.539062 0.015625 0.011719
1 0.648438 0.555664 0.011719 0.013672
1 0.619141 0.583008 0.011719 0.021484
1 0.611328 0.562500 0.011719 0.023438
1 0.789062 0.588867 0.011719 0.017578
1 0.713867 0.453125 0.009766 0.015625
1 0.668945 0.440430 0.017578 0.013672
1 0.560547 0.361328 0.035156 0.015625
1 0.472656 0.403320 0.015625 0.009766
1 0.483398 0.414062 0.009766 0.019531
1 0.352539 0.480469 0.017578 0.027344
1 0.365234 0.470703 0.011719 0.011719
1 0.382812 0.476562 0.011719 0.011719
1 0.319336 0.539062 0.013672 0.015625
1 0.333008 0.552734 0.017578 0.023438
1 0.311523 0.580078 0.013672 0.023438
1 0.352539 0.583984 0.037109 0.035156
1 0.714844 0.619141 0.011719 0.011719
1 0.637695 0.619141 0.013672 0.011719
1 0.611328 0.614258 0.011719 0.009766
1 0.491211 0.483398 0.013672 0.033203
1 0.503906 0.510742 0.019531 0.017578
1 0.471680 0.527344 0.021484 0.023438
1 0.501953 0.538086 0.011719 0.013672
1 0.514648 0.554688 0.021484 0.011719
1 0.536133 0.587891 0.033203 0.015625
1 0.540039 0.572266 0.009766 0.015625
1 0.249023 0.526367 0.009766 0.013672
1 0.273438 0.535156 0.023438 0.015625
1 0.594727 0.669922 0.013672 0.011719
1 0.622070 0.663086 0.025391 0.029297
1 0.657227 0.666016 0.021484 0.031250
1 0.660156 0.693359 0.007812 0.011719
1 0.685547 0.696289 0.019531 0.017578
1 0.708008 0.745117 0.013672 0.005859
1 0.724609 0.750000 0.007812 0.011719
1 0.754883 0.710938 0.005859 0.007812
1 0.727539 0.697266 0.009766 0.011719
1 0.685547 0.785156 0.015625 0.023438
1 0.678711 0.742188 0.017578 0.011719
1 0.657227 0.723633 0.009766 0.009766
1 0.649414 0.701172 0.009766 0.011719
1 0.632812 0.745117 0.007812 0.017578
1 0.511719 0.822266 0.019531 0.019531
1 0.284180 0.804688 0.013672 0.015625
1 0.297852 0.800781 0.005859 0.011719
1 0.314453 0.808594 0.015625 0.019531
1 0.305664 0.825195 0.009766 0.013672
1 0.336914 0.820312 0.017578 0.007812
1 0.338867 0.842773 0.013672 0.013672
1 0.386719 0.800781 0.046875 0.011719
1 0.600586 0.817383 0.009766 0.017578
1 0.575195 0.757812 0.009766 0.015625
1 0.596680 0.753906 0.009766 0.015625
1 0.766602 0.654297 0.005859 0.011719
1 0.713867 0.779297 0.005859 0.007812
1 0.625977 0.768555 0.017578 0.013672
1 0.394531 0.419922 0.003906 0.007812
1 0.419922 0.405273 0.003906 0.017578
1 0.394531 0.439453 0.007812 0.007812
1 0.491211 0.445312 0.009766 0.019531
1 0.467773 0.481445 0.009766 0.005859
1 0.526367 0.483398 0.009766 0.013672
1 0.494141 0.490234 0.007812 0.011719
1 0.487305 0.474609 0.009766 0.007812
1 0.346680 0.416992 0.013672 0.009766
1 0.329102 0.403320 0.009766 0.009766
1 0.223633 0.460938 0.009766 0.019531
1 0.478516 0.796875 0.007812 0.007812
1 0.466797 0.812500 0.007812 0.007812
1 0.175781 0.679688 0.011719 0.015625
1 0.145508 0.586914 0.013672 0.013672
1 0.152344 0.533203 0.011719 0.011719
1 0.568359 0.698242 0.007812 0.013672
1 0.582031 0.617188 0.007812 0.007812
1 0.586914 0.599609 0.005859 0.007812
1 0.569336 0.604492 0.005859 0.013672
1 0.661133 0.804688 0.009766 0.011719
1 0.443359 0.835938 0.007812 0.007812
1 0.520508 0.837891 0.009766 0.007812
1 0.677734 0.571289 0.007812 0.005859
1 0.715820 0.575195 0.013672 0.009766
1 0.721680 0.477539 0.005859 0.005859
1 0.706055 0.481445 0.005859 0.005859
1 0.682617 0.480469 0.009766 0.007812
1 0.651367 0.500977 0.009766 0.013672
1 0.643555 0.489258 0.009766 0.009766
1 0.639648 0.472656 0.005859 0.011719
1 0.614258 0.500977 0.005859 0.029297
1 0.625977 0.491211 0.005859 0.009766
1 0.578125 0.497070 0.003906 0.013672
1 0.559570 0.725586 0.001953 0.009766
