1 0.819336 0.407227 0.048828 0.052734
1 0.844727 0.472656 0.052734 0.089844
1 0.881836 0.510742 0.021484 0.029297
1 0.842773 0.556641 0.052734 0.039062
1 0.850586 0.527344 0.037109 0.015625
1 0.754883 0.479492 0.130859 0.017578
1 0.805664 0.467773 0.044922 0.013672
1 0.791992 0.495117 0.056641 0.013672
1 0.751953 0.519531 0.078125 0.035156
1 0.794922 0.541992 0.046875 0.021484
1 0.655273 0.467773 0.048828 0.017578
1 0.653320 0.404297 0.044922 0.042969
1 0.611328 0.429688 0.054688 0.042969
1 0.571289 0.394531 0.029297 0.007812
1 0.526367 0.429688 0.029297 0.019531
1 0.545898 0.442383 0.017578 0.013672
1 0.537109 0.467773 0.019531 0.013672
1 0.490234 0.471680 0.050781 0.021484
1 0.409180 0.474609 0.044922 0.023438
1 0.428711 0.495117 0.025391 0.013672
1 0.455078 0.506836 0.031250 0.017578
1 0.423828 0.412109 0.023438 0.011719
1 0.413086 0.431641 0.013672 0.011719
1 0.491211 0.370117 0.009766 0.013672
1 0.448242 0.426758 0.021484 0.013672
1 0.486328 0.425781 0.031250 0.011719
1 0.485352 0.437500 0.005859 0.019531
1 0.530273 0.510742 0.021484 0.033203
1 0.581055 0.500000 0.044922 0.019531
1 0.583008 0.475586 0.033203 0.025391
1 0.787109 0.402344 0.027344 0.011719
1 0.724609 0.430664 0.023438 0.021484
1 0.764648 0.445312 0.009766 0.003906
1 0.758789 0.455078 0.021484 0.019531
1 0.753906 0.562500 0.011719 0.011719
1 0.810547 0.588867 0.093750 0.017578
1 0.652344 0.539062 0.039062 0.007812
1 0.693359 0.558594 0.039062 0.011719
1 0.722656 0.576172 0.035156 0.015625
1 0.659180 0.500000 0.056641 0.031250
1 0.364258 0.458008 0.009766 0.009766
1 0.364258 0.468750 0.009766 0.007812
1 0.882812 0.467773 0.015625 0.033203
1 0.481445 0.345703 0.013672 0.011719
