1 0.527344 0.412109 0.035156 0.035156
1 0.507812 0.431641 0.035156 0.035156
1 0.490234 0.457031 0.039062 0.035156
1 0.525391 0.486328 0.023438 0.070312
1 0.584961 0.426758 0.009766 0.021484
1 0.571289 0.628906 0.044922 0.082031
1 0.609375 0.638672 0.035156 0.019531
1 0.505859 0.809570 0.105469 0.177734
1 0.583008 0.832031 0.048828 0.046875
1 0.432617 0.841797 0.072266 0.066406
1 0.587891 0.808594 0.039062 0.027344
1 0.487305 0.534180 0.037109 0.044922
1 0.568359 0.480469 0.015625 0.019531
1 0.497070 0.661133 0.041016 0.037109
1 0.527344 0.658203 0.019531 0.050781
1 0.498047 0.697266 0.035156 0.039062
1 0.524414 0.703125 0.021484 0.035156
1 0.429688 0.714844 0.027344 0.046875
1 0.454102 0.657227 0.029297 0.037109
1 0.414062 0.784180 0.019531 0.037109
1 0.596680 0.783203 0.017578 0.031250
1 0.605469 0.564453 0.019531 0.011719
1 0.606445 0.584961 0.013672 0.017578
1 0.568359 0.529297 0.031250 0.023438
1 0.555664 0.551758 0.037109 0.041016
1 0.627930 0.495117 0.021484 0.009766
1 0.573242 0.445312 0.013672 0.015625
1 0.527344 0.540039 0.019531 0.025391
1 0.513672 0.583984 0.054688 0.031250
1 0.500977 0.620117 0.044922 0.041016
