1 0.325195 0.431641 0.013672 0.027344
1 0.385742 0.356445 0.009766 0.029297
1 0.369141 0.419922 0.042969 0.039062
1 0.385742 0.392578 0.025391 0.042969
1 0.412109 0.369141 0.023438 0.019531
1 0.410156 0.325195 0.015625 0.009766
1 0.841797 0.215820 0.042969 0.044922
1 0.867188 0.231445 0.023438 0.017578
1 0.801758 0.221680 0.029297 0.033203
1 0.763672 0.219727 0.007812 0.013672
1 0.705078 0.243164 0.011719 0.013672
1 0.681641 0.259766 0.031250 0.015625
1 0.672852 0.279297 0.056641 0.011719
1 0.622070 0.307617 0.013672 0.017578
1 0.659180 0.344727 0.041016 0.017578
1 0.479492 0.351562 0.041016 0.023438
1 0.514648 0.338867 0.025391 0.009766
1 0.452148 0.319336 0.009766 0.009766
1 0.452148 0.426758 0.037109 0.044922
1 0.419922 0.431641 0.027344 0.019531
1 0.397461 0.515625 0.029297 0.011719
1 0.379883 0.487305 0.013672 0.013672
1 0.372070 0.458008 0.009766 0.009766
1 0.509766 0.481445 0.039062 0.052734
1 0.463867 0.503906 0.052734 0.039062
1 0.712891 0.362305 0.027344 0.044922
1 0.749023 0.355469 0.033203 0.097656
1 0.794922 0.309570 0.066406 0.025391
1 0.861328 0.282227 0.050781 0.048828
1 0.882812 0.350586 0.050781 0.064453
1 0.831055 0.346680 0.048828 0.025391
1 0.839844 0.423828 0.050781 0.109375
1 0.874023 0.443359 0.013672 0.019531
1 0.832031 0.500000 0.039062 0.031250
1 0.804688 0.538086 0.046875 0.060547
1 0.745117 0.453125 0.021484 0.023438
1 0.572266 0.496094 0.058594 0.070312
1 0.531250 0.550781 0.011719 0.027344
1 0.463867 0.583008 0.013672 0.021484
1 0.555664 0.554688 0.017578 0.019531
1 0.552734 0.423828 0.023438 0.019531
1 0.540039 0.394531 0.017578 0.007812
1 0.521484 0.379883 0.015625 0.013672
1 0.499023 0.428711 0.029297 0.033203
1 0.486328 0.381836 0.023438 0.017578
1 0.667969 0.425781 0.132812 0.023438
1 0.631836 0.376953 0.017578 0.019531
1 0.629883 0.399414 0.025391 0.009766
1 0.665039 0.392578 0.017578 0.027344
1 0.687500 0.368164 0.007812 0.017578
1 0.647461 0.460938 0.025391 0.019531
1 0.625000 0.457031 0.023438 0.023438
1 0.623047 0.525391 0.042969 0.062500
1 0.655273 0.539062 0.009766 0.019531
1 0.610352 0.570312 0.013672 0.042969
1 0.711914 0.473633 0.009766 0.017578
1 0.717773 0.496094 0.009766 0.015625
1 0.708984 0.512695 0.015625 0.009766
1 0.785156 0.429688 0.070312 0.054688
1 0.704102 0.302734 0.017578 0.011719
1 0.746094 0.261719 0.007812 0.007812
1 0.663086 0.337891 0.025391 0.023438
1 0.737305 0.211914 0.009766 0.005859
1 0.564453 0.360352 0.015625 0.013672
1 0.585938 0.367188 0.007812 0.011719
1 0.585938 0.321289 0.015625 0.009766
1 0.600586 0.348633 0.005859 0.009766
1 0.620117 0.346680 0.009766 0.005859
1 0.816406 0.260742 0.023438 0.009766
1 0.822266 0.287109 0.031250 0.019531
1 0.767578 0.547852 0.015625 0.021484
