1 0.833008 0.411133 0.033203 0.021484
1 0.839844 0.444336 0.050781 0.041016
1 0.861328 0.508789 0.046875 0.080078
1 0.842773 0.565430 0.037109 0.025391
1 0.816406 0.590820 0.039062 0.029297
1 0.751953 0.485352 0.039062 0.037109
1 0.788086 0.461914 0.052734 0.013672
1 0.783203 0.488281 0.023438 0.015625
1 0.783203 0.520508 0.105469 0.013672
1 0.852539 0.510742 0.033203 0.044922
1 0.880859 0.487305 0.019531 0.009766
1 0.608398 0.567383 0.060547 0.044922
1 0.653320 0.583984 0.021484 0.031250
1 0.638672 0.610352 0.015625 0.025391
1 0.560547 0.601562 0.011719 0.019531
1 0.583984 0.604492 0.019531 0.017578
1 0.534180 0.530273 0.017578 0.017578
1 0.581055 0.520508 0.037109 0.013672
1 0.558594 0.495117 0.011719 0.013672
1 0.460938 0.491211 0.039062 0.017578
1 0.419922 0.524414 0.042969 0.033203
1 0.485352 0.530273 0.048828 0.021484
1 0.429688 0.583984 0.015625 0.015625
1 0.450195 0.570312 0.013672 0.003906
1 0.528320 0.483398 0.037109 0.013672
1 0.531250 0.504883 0.019531 0.021484
1 0.527344 0.565430 0.023438 0.017578
1 0.552734 0.552734 0.023438 0.015625
1 0.608398 0.570312 0.048828 0.039062
1 0.680664 0.484375 0.021484 0.027344
1 0.666016 0.521484 0.066406 0.023438
1 0.712891 0.493164 0.035156 0.017578
1 0.646484 0.453125 0.011719 0.003906
1 0.607422 0.488281 0.027344 0.011719
1 0.367188 0.534180 0.015625 0.017578
1 0.757812 0.542969 0.015625 0.011719
1 0.731445 0.564453 0.017578 0.015625
1 0.713867 0.427734 0.041016 0.019531
