1 0.844727 0.495117 0.095703 0.216797
1 0.755859 0.482422 0.128906 0.050781
1 0.764648 0.531250 0.107422 0.039062
1 0.666016 0.492188 0.085938 0.074219
1 0.604492 0.428711 0.056641 0.064453
1 0.652344 0.402344 0.046875 0.046875
1 0.566406 0.399414 0.031250 0.029297
1 0.483398 0.470703 0.052734 0.035156
1 0.421875 0.484375 0.062500 0.042969
1 0.456055 0.521484 0.044922 0.023438
1 0.430664 0.413086 0.025391 0.025391
1 0.493164 0.375977 0.017578 0.025391
1 0.518555 0.432617 0.111328 0.029297
1 0.761719 0.448242 0.007812 0.029297
1 0.725586 0.430664 0.025391 0.029297
1 0.779297 0.404297 0.031250 0.015625
1 0.378906 0.463867 0.019531 0.021484
1 0.529297 0.472656 0.023438 0.015625
1 0.585938 0.488281 0.035156 0.046875
1 0.547852 0.520508 0.080078 0.029297
1 0.550781 0.495117 0.082031 0.021484
1 0.783203 0.587891 0.031250 0.023438
1 0.710938 0.570312 0.027344 0.023438
1 0.363281 0.453125 0.015625 0.015625
1 0.652344 0.541016 0.019531 0.015625
