1 0.124023 0.229492 0.025391 0.013672
1 0.159180 0.222656 0.033203 0.039062
1 0.142578 0.287109 0.062500 0.054688
1 0.212891 0.309570 0.058594 0.048828
1 0.258789 0.354492 0.076172 0.064453
1 0.136719 0.407227 0.089844 0.177734
1 0.248047 0.416992 0.132812 0.056641
1 0.184570 0.536133 0.060547 0.076172
1 0.251953 0.462891 0.019531 0.042969
1 0.359375 0.423828 0.074219 0.046875
1 0.347656 0.370117 0.058594 0.072266
1 0.290039 0.241211 0.021484 0.017578
1 0.317383 0.262695 0.021484 0.021484
1 0.344727 0.277344 0.013672 0.011719
1 0.235352 0.218750 0.013672 0.011719
1 0.200195 0.229492 0.025391 0.021484
1 0.196289 0.207031 0.021484 0.015625
1 0.435547 0.363281 0.015625 0.011719
1 0.396484 0.348633 0.015625 0.009766
1 0.379883 0.314453 0.017578 0.011719
1 0.511719 0.348633 0.058594 0.017578
1 0.588867 0.369141 0.029297 0.023438
1 0.624023 0.407227 0.033203 0.083984
1 0.613281 0.350586 0.007812 0.013672
1 0.598633 0.326172 0.017578 0.007812
1 0.573242 0.338867 0.033203 0.021484
1 0.560547 0.429688 0.062500 0.042969
1 0.648438 0.423828 0.015625 0.031250
1 0.670898 0.433594 0.009766 0.019531
1 0.614258 0.487305 0.013672 0.013672
1 0.586914 0.500977 0.009766 0.017578
1 0.601562 0.518555 0.023438 0.013672
1 0.485352 0.480469 0.052734 0.054688
1 0.543945 0.495117 0.048828 0.041016
1 0.367188 0.530273 0.046875 0.041016
1 0.418945 0.492188 0.064453 0.070312
1 0.388672 0.568359 0.031250 0.031250
1 0.466797 0.551758 0.007812 0.033203
1 0.439453 0.555664 0.023438 0.013672
1 0.281250 0.495117 0.019531 0.017578
1 0.306641 0.492188 0.023438 0.011719
1 0.251953 0.259766 0.015625 0.011719
1 0.437500 0.420898 0.039062 0.044922
1 0.462891 0.417969 0.011719 0.015625
1 0.495117 0.424805 0.029297 0.041016
1 0.518555 0.390625 0.021484 0.039062
1 0.474609 0.375977 0.011719 0.013672
1 0.532227 0.586914 0.009766 0.025391
1 0.294922 0.511719 0.019531 0.007812
1 0.232422 0.550781 0.023438 0.023438
