1 0.126953 0.235352 0.019531 0.013672
1 0.157227 0.225586 0.037109 0.029297
1 0.165039 0.206055 0.025391 0.009766
1 0.234375 0.221680 0.015625 0.029297
1 0.203125 0.234375 0.019531 0.019531
1 0.262695 0.210938 0.013672 0.015625
1 0.277344 0.228516 0.027344 0.011719
1 0.290039 0.244141 0.017578 0.015625
1 0.257812 0.262695 0.015625 0.013672
1 0.322266 0.258789 0.023438 0.021484
1 0.319336 0.276367 0.009766 0.009766
1 0.294922 0.300781 0.011719 0.011719
1 0.154297 0.287109 0.066406 0.054688
1 0.114258 0.271484 0.013672 0.015625
1 0.111328 0.355469 0.035156 0.085938
1 0.144531 0.385742 0.031250 0.123047
1 0.197266 0.302734 0.015625 0.042969
1 0.209961 0.311523 0.009766 0.029297
1 0.230469 0.315430 0.023438 0.025391
1 0.259766 0.347656 0.019531 0.070312
1 0.239258 0.360352 0.021484 0.029297
1 0.217773 0.370117 0.021484 0.021484
1 0.183594 0.347656 0.019531 0.035156
1 0.184570 0.400391 0.033203 0.050781
1 0.242188 0.413086 0.078125 0.044922
1 0.285156 0.361328 0.027344 0.042969
1 0.318359 0.374023 0.027344 0.033203
1 0.338867 0.355469 0.025391 0.035156
1 0.367188 0.375000 0.011719 0.027344
1 0.341797 0.397461 0.023438 0.021484
1 0.347656 0.426758 0.109375 0.021484
1 0.351562 0.463867 0.015625 0.021484
1 0.377930 0.458008 0.009766 0.025391
1 0.251953 0.456055 0.011719 0.013672
1 0.244141 0.477539 0.011719 0.013672
1 0.147461 0.477539 0.060547 0.060547
1 0.181641 0.541016 0.054688 0.062500
1 0.363281 0.532227 0.023438 0.041016
1 0.386719 0.521484 0.027344 0.039062
1 0.414062 0.500977 0.050781 0.060547
1 0.414062 0.460938 0.015625 0.023438
1 0.444336 0.477539 0.013672 0.029297
1 0.435547 0.420898 0.027344 0.021484
1 0.518555 0.350586 0.021484 0.021484
1 0.593750 0.367188 0.031250 0.027344
1 0.605469 0.391602 0.007812 0.041016
1 0.629883 0.411133 0.033203 0.064453
1 0.598633 0.324219 0.021484 0.011719
1 0.576172 0.339844 0.027344 0.011719
1 0.546875 0.357422 0.007812 0.023438
1 0.540039 0.338867 0.017578 0.013672
1 0.480469 0.377930 0.015625 0.013672
1 0.513672 0.382812 0.023438 0.027344
1 0.454102 0.393555 0.025391 0.025391
1 0.554688 0.428711 0.042969 0.044922
1 0.585938 0.436523 0.019531 0.021484
1 0.584961 0.496094 0.013672 0.023438
1 0.616211 0.486328 0.009766 0.011719
1 0.625000 0.458008 0.007812 0.013672
1 0.602539 0.518555 0.021484 0.013672
1 0.497070 0.429688 0.029297 0.031250
1 0.464844 0.419922 0.007812 0.011719
1 0.486328 0.482422 0.031250 0.035156
1 0.440430 0.558594 0.017578 0.023438
1 0.466797 0.553711 0.007812 0.029297
1 0.386719 0.570312 0.019531 0.039062
1 0.533203 0.585938 0.003906 0.019531
1 0.520508 0.495117 0.005859 0.013672
1 0.544922 0.470703 0.003906 0.011719
1 0.552734 0.499023 0.027344 0.033203
1 0.670898 0.441406 0.005859 0.015625
1 0.680664 0.432617 0.013672 0.013672
1 0.377930 0.314453 0.017578 0.019531
1 0.359375 0.283203 0.035156 0.023438
1 0.281250 0.493164 0.015625 0.009766
1 0.292969 0.513672 0.015625 0.007812
1 0.431641 0.365234 0.019531 0.019531
1 0.414062 0.322266 0.019531 0.015625
1 0.344727 0.541992 0.017578 0.017578
1 0.220703 0.558594 0.019531 0.019531
1 0.477539 0.342773 0.029297 0.009766
1 0.657227 0.427734 0.013672 0.019531
1 0.541992 0.627930 0.017578 0.013672
