1 0.575195 0.149414 0.119141 0.048828
1 0.464844 0.196289 0.062500 0.029297
1 0.495117 0.172852 0.056641 0.025391
1 0.657227 0.118164 0.083984 0.048828
1 0.719727 0.142578 0.033203 0.042969
1 0.779297 0.153320 0.039062 0.060547
1 0.784180 0.202148 0.037109 0.017578
1 0.784180 0.225586 0.009766 0.025391
1 0.623047 0.212891 0.152344 0.074219
1 0.619141 0.271484 0.117188 0.035156
1 0.571289 0.330078 0.029297 0.074219
1 0.627930 0.310547 0.025391 0.019531
1 0.637695 0.339844 0.076172 0.039062
1 0.471680 0.383789 0.041016 0.083984
1 0.513672 0.420898 0.066406 0.068359
1 0.435547 0.385742 0.050781 0.013672
1 0.440430 0.439453 0.029297 0.023438
1 0.445312 0.464844 0.039062 0.015625
1 0.415039 0.533203 0.025391 0.015625
1 0.524414 0.480469 0.048828 0.027344
1 0.493164 0.497070 0.041016 0.017578
1 0.495117 0.541992 0.041016 0.052734
1 0.482422 0.600586 0.015625 0.021484
1 0.495117 0.585938 0.005859 0.007812
1 0.511719 0.613281 0.007812 0.007812
1 0.569336 0.557617 0.044922 0.037109
1 0.576172 0.437500 0.031250 0.011719
1 0.620117 0.368164 0.041016 0.017578
1 0.757812 0.296875 0.015625 0.015625
1 0.734375 0.316406 0.019531 0.023438
1 0.720703 0.352539 0.015625 0.017578
1 0.686523 0.378906 0.025391 0.015625
1 0.610352 0.453125 0.013672 0.023438
1 0.583008 0.492188 0.052734 0.023438
1 0.607422 0.515625 0.035156 0.015625
1 0.648438 0.517578 0.031250 0.027344
1 0.651367 0.488281 0.017578 0.031250
1 0.620117 0.473633 0.013672 0.013672
1 0.630859 0.455078 0.007812 0.011719
1 0.634766 0.440430 0.019531 0.029297
1 0.626953 0.411133 0.019531 0.021484
1 0.604492 0.387695 0.009766 0.009766
1 0.696289 0.290039 0.009766 0.009766
1 0.629883 0.583008 0.025391 0.021484
1 0.576172 0.627930 0.054688 0.044922
1 0.615234 0.612305 0.019531 0.025391
1 0.646484 0.615234 0.023438 0.011719
1 0.661133 0.568359 0.009766 0.027344
1 0.675781 0.541992 0.007812 0.013672
1 0.645508 0.545898 0.021484 0.009766
1 0.553711 0.670898 0.009766 0.009766
1 0.572266 0.673828 0.015625 0.011719
1 0.666016 0.601562 0.027344 0.007812
1 0.676758 0.589844 0.005859 0.011719
1 0.738281 0.250000 0.003906 0.007812
1 0.507812 0.278320 0.007812 0.005859
1 0.485352 0.292969 0.017578 0.003906
1 0.486328 0.308594 0.007812 0.007812
1 0.527344 0.289062 0.015625 0.003906
1 0.530273 0.546875 0.017578 0.007812
1 0.455078 0.539062 0.011719 0.007812
1 0.525391 0.244141 0.019531 0.011719
1 0.448242 0.232422 0.021484 0.015625
1 0.538086 0.190430 0.021484 0.025391
1 0.710938 0.191406 0.011719 0.015625
1 0.535156 0.351562 0.019531 0.019531
1 0.442383 0.328125 0.009766 0.007812
