1 0.153320 0.567383 0.060547 0.103516
1 0.196289 0.460938 0.033203 0.050781
1 0.207031 0.429688 0.027344 0.011719
1 0.170898 0.492188 0.033203 0.050781
1 0.200195 0.574219 0.037109 0.082031
1 0.249023 0.581055 0.068359 0.025391
1 0.233398 0.600586 0.029297 0.021484
1 0.244141 0.524414 0.007812 0.009766
1 0.250977 0.544922 0.013672 0.019531
1 0.273438 0.561523 0.011719 0.013672
1 0.344727 0.571289 0.111328 0.013672
1 0.347656 0.532227 0.011719 0.017578
1 0.289062 0.487305 0.011719 0.013672
1 0.346680 0.458008 0.013672 0.025391
1 0.371094 0.473633 0.023438 0.048828
1 0.408203 0.494141 0.042969 0.085938
1 0.440430 0.509766 0.017578 0.070312
1 0.387695 0.432617 0.017578 0.048828
1 0.430664 0.432617 0.013672 0.013672
1 0.444336 0.443359 0.017578 0.015625
1 0.466797 0.447266 0.015625 0.023438
1 0.532227 0.410156 0.005859 0.019531
1 0.230469 0.443359 0.015625 0.011719
1 0.126953 0.644531 0.070312 0.062500
1 0.179688 0.657227 0.023438 0.025391
1 0.215820 0.633789 0.029297 0.025391
1 0.261719 0.635742 0.054688 0.048828
1 0.284180 0.599609 0.044922 0.019531
1 0.119141 0.691406 0.035156 0.023438
1 0.132812 0.727539 0.062500 0.025391
1 0.172852 0.701172 0.060547 0.031250
1 0.206055 0.667969 0.017578 0.031250
1 0.231445 0.688477 0.037109 0.021484
1 0.127930 0.765625 0.017578 0.011719
1 0.162109 0.781250 0.031250 0.039062
1 0.192383 0.786133 0.017578 0.041016
1 0.599609 0.482422 0.023438 0.019531
1 0.615234 0.511719 0.011719 0.007812
1 0.625000 0.534180 0.007812 0.013672
1 0.627930 0.577148 0.044922 0.037109
1 0.639648 0.556641 0.021484 0.011719
1 0.670898 0.555664 0.005859 0.013672
1 0.669922 0.567383 0.023438 0.017578
1 0.607422 0.601562 0.015625 0.027344
1 0.630859 0.596680 0.015625 0.029297
1 0.594727 0.633789 0.021484 0.029297
1 0.337891 0.610352 0.023438 0.021484
1 0.307617 0.630859 0.037109 0.023438
1 0.335938 0.642578 0.023438 0.039062
1 0.368164 0.625000 0.013672 0.023438
1 0.375000 0.599609 0.011719 0.007812
1 0.445312 0.571289 0.019531 0.029297
1 0.496094 0.570312 0.015625 0.031250
1 0.481445 0.526367 0.029297 0.029297
1 0.502930 0.495117 0.021484 0.037109
1 0.544922 0.503906 0.054688 0.042969
1 0.557617 0.573242 0.044922 0.033203
1 0.525391 0.594727 0.015625 0.013672
1 0.519531 0.615234 0.019531 0.011719
1 0.458008 0.603516 0.021484 0.019531
1 0.475586 0.618164 0.017578 0.009766
1 0.493164 0.602539 0.021484 0.017578
1 0.416016 0.629883 0.019531 0.013672
1 0.436523 0.635742 0.013672 0.013672
1 0.385742 0.685547 0.029297 0.019531
1 0.335938 0.684570 0.011719 0.009766
1 0.292969 0.694336 0.031250 0.009766
1 0.208984 0.769531 0.011719 0.019531
1 0.231445 0.780273 0.005859 0.009766
1 0.318359 0.733398 0.027344 0.013672
1 0.293945 0.753906 0.025391 0.027344
1 0.256836 0.734375 0.005859 0.011719
1 0.267578 0.780273 0.023438 0.021484
1 0.520508 0.645508 0.025391 0.029297
1 0.545898 0.642578 0.013672 0.019531
1 0.576172 0.662109 0.019531 0.011719
1 0.620117 0.640625 0.009766 0.019531
1 0.483398 0.657227 0.041016 0.013672
