1 0.818359 0.408203 0.035156 0.039062
1 0.851562 0.461914 0.046875 0.060547
1 0.864258 0.514648 0.060547 0.033203
1 0.845703 0.554688 0.054688 0.027344
1 0.833008 0.590820 0.033203 0.017578
1 0.858398 0.583008 0.021484 0.013672
1 0.729492 0.478516 0.193359 0.023438
1 0.748047 0.518555 0.050781 0.025391
1 0.780273 0.511719 0.013672 0.011719
1 0.792969 0.542969 0.054688 0.011719
1 0.774414 0.470703 0.099609 0.015625
1 0.616211 0.434570 0.048828 0.048828
1 0.656250 0.416016 0.035156 0.023438
1 0.640625 0.386719 0.019531 0.019531
1 0.575195 0.393555 0.033203 0.005859
1 0.536133 0.434570 0.013672 0.013672
1 0.533203 0.468750 0.015625 0.011719
1 0.414062 0.475586 0.039062 0.025391
1 0.490234 0.478516 0.054688 0.027344
1 0.458008 0.504883 0.017578 0.013672
1 0.429688 0.495117 0.023438 0.013672
1 0.429688 0.413086 0.023438 0.005859
1 0.492188 0.376953 0.003906 0.019531
1 0.553711 0.440430 0.009766 0.013672
1 0.536133 0.521484 0.029297 0.007812
1 0.579102 0.475586 0.037109 0.009766
1 0.693359 0.504883 0.031250 0.025391
1 0.661133 0.507812 0.013672 0.011719
1 0.708008 0.571289 0.033203 0.013672
1 0.790039 0.589844 0.041016 0.011719
1 0.580078 0.489258 0.015625 0.017578
1 0.475586 0.420898 0.005859 0.005859
1 0.757812 0.455078 0.011719 0.019531
1 0.730469 0.430664 0.011719 0.013672
1 0.675781 0.463867 0.046875 0.021484
1 0.603516 0.509766 0.023438 0.011719
1 0.651367 0.540039 0.013672 0.005859
1 0.366211 0.459961 0.013672 0.017578
1 0.788086 0.401367 0.033203 0.025391
