1 0.405273 0.469727 0.064453 0.025391
1 0.432617 0.414062 0.025391 0.007812
1 0.492188 0.369141 0.007812 0.007812
1 0.482422 0.421875 0.035156 0.023438
1 0.529297 0.423828 0.031250 0.031250
1 0.582031 0.396484 0.019531 0.015625
1 0.636719 0.391602 0.015625 0.021484
1 0.820312 0.412109 0.042969 0.046875
1 0.849609 0.456055 0.054688 0.056641
1 0.815430 0.466797 0.029297 0.027344
1 0.717773 0.475586 0.166016 0.021484
1 0.808594 0.493164 0.125000 0.017578
1 0.871094 0.519531 0.046875 0.031250
1 0.849609 0.548828 0.062500 0.039062
1 0.833008 0.587891 0.052734 0.015625
1 0.753906 0.512695 0.082031 0.017578
1 0.775391 0.537109 0.070312 0.027344
1 0.667969 0.505859 0.058594 0.046875
1 0.760742 0.453125 0.017578 0.023438
1 0.727539 0.433594 0.029297 0.019531
1 0.605469 0.433594 0.042969 0.039062
1 0.653320 0.414062 0.033203 0.019531
1 0.475586 0.472656 0.056641 0.019531
1 0.542969 0.471680 0.015625 0.013672
1 0.590820 0.476562 0.033203 0.023438
1 0.581055 0.499023 0.037109 0.017578
1 0.540039 0.521484 0.052734 0.019531
1 0.423828 0.496094 0.031250 0.015625
1 0.458984 0.509766 0.031250 0.019531
1 0.482422 0.474609 0.039062 0.027344
1 0.674805 0.552734 0.021484 0.011719
1 0.705078 0.565430 0.031250 0.013672
1 0.559570 0.401367 0.013672 0.025391
1 0.416992 0.435547 0.013672 0.007812
1 0.406250 0.445312 0.011719 0.007812
