1 0.372070 0.587891 0.048828 0.062500
1 0.411133 0.633789 0.021484 0.025391
1 0.380859 0.642578 0.007812 0.019531
1 0.435547 0.574219 0.062500 0.035156
1 0.504883 0.569336 0.021484 0.025391
1 0.555664 0.577148 0.033203 0.037109
1 0.583984 0.502930 0.039062 0.076172
1 0.627930 0.466797 0.048828 0.039062
1 0.617188 0.426758 0.027344 0.033203
1 0.533203 0.437500 0.011719 0.019531
1 0.557617 0.447266 0.017578 0.011719
1 0.458008 0.506836 0.044922 0.037109
1 0.394531 0.483398 0.019531 0.009766
1 0.378906 0.513672 0.007812 0.011719
1 0.374023 0.536133 0.013672 0.013672
1 0.802734 0.462891 0.054688 0.066406
1 0.849609 0.517578 0.058594 0.058594
1 0.709961 0.575195 0.212891 0.033203
1 0.858398 0.614258 0.072266 0.134766
1 0.843750 0.708984 0.074219 0.062500
1 0.760742 0.649414 0.087891 0.072266
1 0.663086 0.627930 0.056641 0.064453
1 0.674805 0.735352 0.037109 0.025391
1 0.833984 0.777344 0.042969 0.035156
1 0.871094 0.763672 0.015625 0.019531
1 0.772461 0.780273 0.029297 0.021484
1 0.650391 0.536133 0.023438 0.021484
1 0.625000 0.535156 0.011719 0.019531
1 0.464844 0.410156 0.007812 0.019531
1 0.499023 0.653320 0.080078 0.021484
1 0.489258 0.613281 0.029297 0.027344
1 0.519531 0.623047 0.015625 0.015625
1 0.544922 0.608398 0.035156 0.025391
1 0.623047 0.614258 0.054688 0.037109
1 0.570312 0.638672 0.023438 0.015625
1 0.801758 0.550781 0.044922 0.027344
1 0.789062 0.697266 0.046875 0.015625
1 0.744141 0.737305 0.011719 0.009766
1 0.706055 0.697266 0.021484 0.011719
1 0.614258 0.689453 0.017578 0.015625
1 0.636719 0.695312 0.023438 0.042969
1 0.664062 0.651367 0.023438 0.021484
