1 0.839844 0.480469 0.070312 0.171875
1 0.750977 0.484375 0.115234 0.035156
1 0.748047 0.525391 0.121094 0.050781
1 0.821289 0.588867 0.064453 0.021484
1 0.412109 0.477539 0.054688 0.033203
1 0.476562 0.471680 0.074219 0.029297
1 0.606445 0.431641 0.064453 0.050781
1 0.641602 0.397461 0.041016 0.060547
1 0.652344 0.477539 0.054688 0.025391
1 0.541992 0.475586 0.025391 0.017578
1 0.455078 0.503906 0.035156 0.019531
1 0.579102 0.482422 0.033203 0.027344
1 0.530273 0.523438 0.037109 0.015625
1 0.425781 0.413086 0.027344 0.009766
1 0.416016 0.432617 0.015625 0.009766
1 0.529297 0.428711 0.019531 0.017578
1 0.552734 0.443359 0.019531 0.023438
1 0.577148 0.399414 0.048828 0.021484
1 0.663086 0.509766 0.064453 0.042969
1 0.697266 0.565430 0.050781 0.025391
1 0.489258 0.371094 0.009766 0.015625
1 0.368164 0.459961 0.005859 0.021484
1 0.589844 0.504883 0.054688 0.021484
1 0.757812 0.450195 0.011719 0.013672
1 0.729492 0.431641 0.021484 0.015625
1 0.787109 0.400391 0.027344 0.011719
