1 0.421875 0.369141 0.054688 0.046875
1 0.388672 0.388672 0.035156 0.031250
1 0.356445 0.380859 0.017578 0.007812
1 0.364258 0.410156 0.025391 0.027344
1 0.325195 0.404297 0.009766 0.027344
1 0.337891 0.420898 0.015625 0.021484
1 0.322266 0.455078 0.015625 0.015625
1 0.347656 0.475586 0.011719 0.037109
1 0.343750 0.505859 0.019531 0.042969
1 0.439453 0.416992 0.011719 0.025391
1 0.423828 0.442383 0.027344 0.048828
1 0.400391 0.473633 0.019531 0.017578
1 0.383789 0.485352 0.025391 0.013672
1 0.416992 0.505859 0.056641 0.015625
1 0.484375 0.381836 0.007812 0.009766
1 0.512695 0.392578 0.017578 0.027344
1 0.494141 0.457031 0.035156 0.039062
1 0.502930 0.501953 0.048828 0.031250
1 0.470703 0.516602 0.031250 0.025391
1 0.474609 0.578125 0.046875 0.062500
1 0.521484 0.608398 0.046875 0.091797
1 0.555664 0.555664 0.017578 0.017578
1 0.548828 0.531250 0.031250 0.011719
1 0.587891 0.466797 0.023438 0.007812
1 0.567383 0.614258 0.041016 0.017578
1 0.428711 0.669922 0.017578 0.140625
1 0.413086 0.636719 0.017578 0.062500
1 0.260742 0.677734 0.009766 0.023438
1 0.281250 0.650391 0.023438 0.015625
1 0.308594 0.619141 0.023438 0.015625
1 0.360352 0.565430 0.013672 0.009766
1 0.398438 0.540039 0.023438 0.017578
1 0.420898 0.535156 0.009766 0.007812
1 0.374023 0.517578 0.005859 0.007812
1 0.384766 0.730469 0.089844 0.046875
1 0.328125 0.738281 0.027344 0.023438
1 0.313477 0.767578 0.017578 0.019531
1 0.308594 0.808594 0.031250 0.027344
1 0.417969 0.790039 0.042969 0.072266
1 0.442383 0.853516 0.115234 0.039062
1 0.519531 0.821289 0.062500 0.021484
1 0.543945 0.795898 0.060547 0.025391
1 0.368164 0.887695 0.103516 0.021484
1 0.449219 0.876953 0.042969 0.007812
1 0.360352 0.859375 0.060547 0.031250
1 0.287109 0.850586 0.042969 0.029297
1 0.303711 0.829102 0.029297 0.009766
1 0.290039 0.880859 0.044922 0.023438
1 0.217773 0.838867 0.041016 0.041016
1 0.232422 0.871094 0.015625 0.015625
1 0.219727 0.758789 0.009766 0.009766
1 0.359375 0.645508 0.042969 0.044922
1 0.370117 0.679688 0.013672 0.019531
1 0.393555 0.666016 0.017578 0.023438
1 0.398438 0.625000 0.011719 0.011719
1 0.242188 0.705078 0.035156 0.015625
1 0.225586 0.796875 0.025391 0.023438
1 0.188477 0.790039 0.005859 0.009766
1 0.200195 0.807617 0.017578 0.009766
1 0.456055 0.803711 0.037109 0.048828
1 0.463867 0.750000 0.029297 0.019531
1 0.460938 0.623047 0.019531 0.011719
1 0.549805 0.767578 0.017578 0.023438
1 0.502930 0.712891 0.025391 0.015625
