1 0.525391 0.313477 0.078125 0.091797
1 0.474609 0.333008 0.027344 0.056641
1 0.486328 0.374023 0.027344 0.041016
1 0.508789 0.428711 0.033203 0.025391
1 0.340820 0.468750 0.072266 0.082031
1 0.271484 0.451172 0.078125 0.054688
1 0.287109 0.507812 0.054688 0.050781
1 0.355469 0.546875 0.058594 0.031250
1 0.409180 0.641602 0.056641 0.111328
1 0.391602 0.720703 0.048828 0.042969
1 0.345703 0.679688 0.023438 0.113281
1 0.327148 0.776367 0.080078 0.060547
1 0.279297 0.804688 0.031250 0.074219
1 0.660156 0.517578 0.132812 0.121094
1 0.715820 0.625000 0.126953 0.078125
1 0.323242 0.711914 0.037109 0.041016
1 0.583984 0.478516 0.015625 0.019531
1 0.406250 0.499023 0.039062 0.080078
1 0.749023 0.554688 0.048828 0.054688
1 0.495117 0.808594 0.033203 0.046875
1 0.516602 0.880859 0.044922 0.054688
