1 0.427734 0.333984 0.089844 0.367188
1 0.362305 0.255859 0.044922 0.113281
1 0.336914 0.279297 0.033203 0.054688
1 0.377930 0.353516 0.037109 0.054688
1 0.384766 0.416992 0.035156 0.072266
1 0.328125 0.481445 0.050781 0.154297
1 0.355469 0.600586 0.082031 0.111328
1 0.385742 0.511719 0.052734 0.062500
1 0.544922 0.312500 0.132812 0.207031
1 0.561523 0.437500 0.099609 0.039062
1 0.556641 0.508789 0.050781 0.041016
1 0.530273 0.505859 0.041016 0.054688
1 0.536133 0.556641 0.080078 0.046875
1 0.482422 0.598633 0.042969 0.060547
1 0.450195 0.642578 0.056641 0.019531
1 0.444336 0.603516 0.091797 0.011719
1 0.457031 0.620117 0.039062 0.037109
1 0.464844 0.445312 0.039062 0.015625
1 0.631836 0.283203 0.017578 0.027344
