1 0.331055 0.479492 0.052734 0.201172
1 0.324219 0.594727 0.039062 0.021484
1 0.416016 0.666992 0.117188 0.107422
1 0.416992 0.547852 0.080078 0.146484
1 0.380859 0.440430 0.062500 0.134766
1 0.464844 0.395508 0.078125 0.072266
1 0.350586 0.721680 0.060547 0.056641
1 0.407227 0.801758 0.095703 0.134766
1 0.544922 0.685547 0.074219 0.085938
1 0.584961 0.771484 0.095703 0.058594
1 0.571289 0.618164 0.076172 0.048828
1 0.560547 0.447266 0.054688 0.066406
1 0.519531 0.450195 0.031250 0.044922
1 0.527344 0.509766 0.066406 0.050781
1 0.542969 0.556641 0.078125 0.050781
1 0.604492 0.540039 0.044922 0.052734
1 0.603516 0.684570 0.042969 0.083984
1 0.493164 0.626953 0.048828 0.109375
