1 0.524414 0.319336 0.064453 0.076172
1 0.482422 0.348633 0.035156 0.076172
1 0.506836 0.427734 0.033203 0.027344
1 0.660156 0.499023 0.093750 0.072266
1 0.706055 0.595703 0.126953 0.113281
1 0.745117 0.677734 0.068359 0.054688
1 0.601562 0.478516 0.035156 0.039062
1 0.405273 0.640625 0.052734 0.128906
1 0.367188 0.615234 0.023438 0.031250
1 0.355469 0.709961 0.046875 0.142578
1 0.321289 0.755859 0.033203 0.085938
1 0.292969 0.776367 0.031250 0.064453
1 0.278320 0.828125 0.017578 0.058594
1 0.311523 0.473633 0.142578 0.083984
1 0.353516 0.534180 0.097656 0.048828
1 0.398438 0.496094 0.035156 0.054688
1 0.498047 0.806641 0.027344 0.035156
1 0.524414 0.787109 0.029297 0.035156
1 0.530273 0.898438 0.041016 0.054688
