1 0.667969 0.467773 0.105469 0.220703
1 0.611328 0.615234 0.042969 0.382812
1 0.656250 0.712891 0.046875 0.054688
1 0.573242 0.686523 0.041016 0.353516
1 0.546875 0.654297 0.042969 0.187500
1 0.524414 0.705078 0.033203 0.121094
1 0.531250 0.809570 0.035156 0.072266
1 0.441406 0.558594 0.074219 0.027344
1 0.434570 0.691406 0.146484 0.210938
1 0.463867 0.442383 0.064453 0.052734
1 0.512695 0.404297 0.052734 0.050781
1 0.570312 0.368164 0.082031 0.037109
1 0.472656 0.510742 0.042969 0.052734
1 0.514648 0.493164 0.048828 0.025391
1 0.439453 0.491211 0.046875 0.025391
1 0.415039 0.532227 0.048828 0.025391
1 0.533203 0.547852 0.042969 0.013672
1 0.578125 0.388672 0.062500 0.023438
1 0.533203 0.855469 0.035156 0.019531
1 0.684570 0.591797 0.033203 0.015625
