1 0.464844 0.573242 0.218750 0.564453
1 0.614258 0.795898 0.072266 0.087891
1 0.515625 0.249023 0.105469 0.087891
1 0.915039 0.078125 0.154297 0.121094
1 0.257812 0.403320 0.113281 0.025391
1 0.278320 0.364258 0.029297 0.029297
1 0.267578 0.735352 0.027344 0.037109
1 0.308594 0.602539 0.101562 0.091797
1 0.603516 0.426758 0.066406 0.087891
1 0.265625 0.471680 0.062500 0.025391
1 0.338867 0.517578 0.013672 0.023438
1 0.672852 0.618164 0.017578 0.029297
1 0.334961 0.679688 0.048828 0.070312
1 0.338867 0.447266 0.037109 0.050781
