1 0.394531 0.639648 0.031250 0.150391
1 0.435547 0.567383 0.042969 0.052734
1 0.482422 0.595703 0.058594 0.039062
1 0.484375 0.637695 0.023438 0.041016
1 0.468750 0.695312 0.015625 0.078125
1 0.455078 0.715820 0.027344 0.033203
1 0.493164 0.722656 0.025391 0.058594
1 0.515625 0.701172 0.019531 0.027344
1 0.344727 0.742188 0.095703 0.171875
1 0.408203 0.831055 0.074219 0.033203
1 0.347656 0.852539 0.039062 0.044922
1 0.319336 0.914062 0.064453 0.019531
1 0.391602 0.909180 0.017578 0.009766
1 0.514648 0.776367 0.029297 0.013672
1 0.291992 0.770508 0.029297 0.064453
1 0.558594 0.828125 0.023438 0.027344
1 0.446289 0.616211 0.033203 0.029297
1 0.444336 0.642578 0.025391 0.015625
