1 0.574219 0.490234 0.125000 0.121094
1 0.487305 0.561523 0.095703 0.115234
1 0.579102 0.598633 0.087891 0.064453
1 0.455078 0.451172 0.042969 0.039062
1 0.484375 0.431641 0.027344 0.023438
1 0.508789 0.472656 0.037109 0.031250
1 0.363281 0.571289 0.027344 0.029297
1 0.370117 0.625977 0.033203 0.064453
1 0.416992 0.587891 0.068359 0.042969
1 0.430664 0.676758 0.052734 0.037109
1 0.500977 0.663086 0.068359 0.029297
1 0.507812 0.629883 0.039062 0.033203
1 0.470703 0.627930 0.019531 0.025391
1 0.425781 0.625977 0.019531 0.013672
