1 0.666992 0.208008 0.162109 0.177734
1 0.436523 0.217773 0.236328 0.154297
1 0.473633 0.365234 0.169922 0.140625
1 0.455078 0.547852 0.054688 0.201172
1 0.583008 0.467773 0.130859 0.064453
1 0.570312 0.566406 0.039062 0.125000
1 0.639648 0.593750 0.126953 0.062500
1 0.722656 0.479492 0.050781 0.029297
1 0.676758 0.335938 0.154297 0.074219
1 0.772461 0.288086 0.044922 0.037109
1 0.222656 0.462891 0.117188 0.183594
1 0.340820 0.465820 0.052734 0.083984
1 0.377930 0.657227 0.138672 0.072266
1 0.509766 0.686523 0.093750 0.052734
1 0.591797 0.649414 0.054688 0.033203
1 0.275391 0.697266 0.066406 0.042969
1 0.148438 0.535156 0.042969 0.113281
1 0.197266 0.614258 0.046875 0.056641
1 0.304688 0.389648 0.035156 0.072266
1 0.354492 0.324219 0.044922 0.042969
1 0.362305 0.400391 0.017578 0.082031
1 0.297852 0.442383 0.029297 0.029297
1 0.322266 0.566406 0.082031 0.058594
1 0.398438 0.561523 0.062500 0.064453
1 0.408203 0.504883 0.070312 0.048828
1 0.680664 0.479492 0.052734 0.013672
