1 0.516602 0.346680 0.099609 0.103516
1 0.541016 0.254883 0.046875 0.060547
1 0.572266 0.215820 0.085938 0.033203
1 0.377930 0.391602 0.029297 0.021484
1 0.446289 0.450195 0.091797 0.064453
1 0.441406 0.383789 0.066406 0.048828
1 0.675781 0.415039 0.062500 0.041016
1 0.723633 0.456055 0.041016 0.029297
1 0.562500 0.727539 0.136719 0.087891
1 0.383789 0.671875 0.044922 0.039062
1 0.556641 0.611328 0.054688 0.042969
1 0.466797 0.665039 0.031250 0.037109
1 0.486328 0.626953 0.015625 0.019531
1 0.601562 0.445312 0.042969 0.015625
1 0.531250 0.467773 0.062500 0.041016
1 0.336914 0.474609 0.044922 0.058594
1 0.392578 0.523438 0.074219 0.070312
1 0.329102 0.426758 0.060547 0.017578
1 0.354492 0.255859 0.025391 0.027344
1 0.368164 0.223633 0.017578 0.021484
1 0.387695 0.161133 0.017578 0.017578
1 0.544922 0.144531 0.035156 0.042969
1 0.716797 0.317383 0.031250 0.037109
1 0.633789 0.326172 0.025391 0.015625
1 0.637695 0.303711 0.025391 0.009766
1 0.666016 0.347656 0.039062 0.023438
1 0.438477 0.716797 0.025391 0.019531
1 0.448242 0.764648 0.056641 0.013672
1 0.356445 0.729492 0.025391 0.009766
1 0.196289 0.366211 0.021484 0.017578
1 0.252930 0.278320 0.025391 0.025391
1 0.257812 0.299805 0.015625 0.017578
1 0.219727 0.310547 0.033203 0.011719
1 0.305664 0.235352 0.017578 0.009766
1 0.290039 0.242188 0.013672 0.019531
1 0.680664 0.488281 0.037109 0.015625
1 0.664062 0.496094 0.027344 0.011719
1 0.652344 0.520508 0.019531 0.005859
1 0.652344 0.554688 0.019531 0.011719
1 0.573242 0.524414 0.025391 0.068359
1 0.759766 0.455078 0.015625 0.011719
1 0.484375 0.550781 0.035156 0.031250
1 0.420898 0.570312 0.021484 0.011719
1 0.456055 0.579102 0.021484 0.025391
1 0.178711 0.501953 0.107422 0.027344
1 0.708008 0.244141 0.009766 0.011719
1 0.704102 0.218750 0.013672 0.031250
1 0.691406 0.226562 0.015625 0.015625
1 0.638672 0.436523 0.027344 0.033203
1 0.594727 0.575195 0.037109 0.021484
1 0.631836 0.589844 0.013672 0.011719
1 0.670898 0.606445 0.013672 0.013672
