1 0.312500 0.296875 0.101562 0.140625
1 0.219727 0.375977 0.119141 0.177734
1 0.231445 0.573242 0.205078 0.244141
1 0.583984 0.376953 0.117188 0.132812
1 0.660156 0.414062 0.054688 0.082031
1 0.691406 0.492188 0.042969 0.062500
1 0.653320 0.622070 0.080078 0.166016
1 0.514648 0.522461 0.193359 0.169922
1 0.381836 0.519531 0.111328 0.175781
1 0.444336 0.764648 0.228516 0.150391
1 0.320312 0.386719 0.058594 0.031250
1 0.150391 0.409180 0.054688 0.126953
1 0.485352 0.290039 0.037109 0.044922
1 0.480469 0.388672 0.058594 0.093750
1 0.484375 0.661133 0.078125 0.048828
1 0.560547 0.649414 0.070312 0.083984
1 0.701172 0.709961 0.023438 0.029297
1 0.687500 0.742188 0.019531 0.011719
1 0.625977 0.791992 0.033203 0.025391
1 0.565430 0.761719 0.017578 0.027344
1 0.594727 0.812500 0.021484 0.027344
1 0.543945 0.857422 0.087891 0.031250
