1 0.657227 0.450195 0.087891 0.138672
1 0.686523 0.554688 0.052734 0.074219
1 0.594727 0.649414 0.068359 0.388672
1 0.657227 0.715820 0.060547 0.083984
1 0.540039 0.668945 0.072266 0.142578
1 0.430664 0.697266 0.134766 0.164062
1 0.454102 0.791016 0.041016 0.027344
1 0.449219 0.506836 0.089844 0.197266
1 0.516602 0.393555 0.052734 0.052734
1 0.585938 0.376953 0.085938 0.050781
1 0.531250 0.445312 0.054688 0.042969
1 0.399414 0.552734 0.037109 0.058594
1 0.538086 0.545898 0.044922 0.021484
1 0.527344 0.502930 0.027344 0.025391
1 0.500977 0.492188 0.017578 0.023438
1 0.609375 0.423828 0.019531 0.015625
