1 0.488281 0.284180 0.121094 0.076172
1 0.603516 0.343750 0.113281 0.097656
1 0.499023 0.515625 0.107422 0.390625
1 0.581055 0.529297 0.052734 0.207031
1 0.343750 0.239258 0.070312 0.041016
1 0.375977 0.221680 0.064453 0.029297
1 0.294922 0.281250 0.082031 0.050781
1 0.298828 0.362305 0.125000 0.041016
1 0.344727 0.315430 0.076172 0.076172
1 0.331055 0.411133 0.095703 0.083984
1 0.335938 0.479492 0.117188 0.041016
1 0.354492 0.526367 0.021484 0.111328
1 0.417969 0.590820 0.054688 0.185547
1 0.416992 0.374023 0.056641 0.169922
