1 0.651367 0.435547 0.103516 0.125000
1 0.672852 0.546875 0.068359 0.085938
1 0.600586 0.654297 0.056641 0.355469
1 0.658203 0.712891 0.050781 0.066406
1 0.541992 0.690430 0.064453 0.158203
1 0.561523 0.578125 0.037109 0.089844
1 0.559570 0.366211 0.107422 0.013672
1 0.524414 0.402344 0.076172 0.039062
1 0.460938 0.453125 0.085938 0.042969
1 0.439453 0.493164 0.031250 0.029297
1 0.479492 0.531250 0.044922 0.070312
1 0.427734 0.559570 0.089844 0.037109
1 0.420898 0.659180 0.064453 0.107422
1 0.480469 0.670898 0.058594 0.048828
1 0.497070 0.622070 0.017578 0.033203
1 0.418945 0.764648 0.064453 0.064453
1 0.455078 0.730469 0.082031 0.046875
1 0.515625 0.453125 0.019531 0.023438
1 0.538086 0.453125 0.013672 0.023438
1 0.555664 0.431641 0.009766 0.019531
1 0.529297 0.500977 0.023438 0.029297
1 0.411133 0.525391 0.021484 0.011719
1 0.543945 0.817383 0.017578 0.017578
1 0.525391 0.796875 0.019531 0.035156
1 0.554688 0.845703 0.019531 0.015625
1 0.576172 0.858398 0.019531 0.021484
1 0.460938 0.787109 0.011719 0.027344
1 0.485352 0.763672 0.013672 0.015625
1 0.369141 0.709961 0.023438 0.017578
1 0.382812 0.636719 0.011719 0.011719
1 0.382812 0.753906 0.015625 0.027344
