1 0.220703 0.469727 0.101562 0.189453
1 0.420898 0.225586 0.232422 0.146484
1 0.435547 0.327148 0.089844 0.052734
1 0.525391 0.365234 0.082031 0.125000
1 0.655273 0.201172 0.119141 0.156250
1 0.738281 0.252930 0.035156 0.048828
1 0.683594 0.335938 0.140625 0.082031
1 0.548828 0.468750 0.179688 0.085938
1 0.433594 0.547852 0.167969 0.146484
1 0.612305 0.577148 0.166016 0.072266
1 0.562500 0.637695 0.140625 0.060547
1 0.396484 0.657227 0.148438 0.060547
1 0.522461 0.698242 0.083984 0.044922
1 0.421875 0.712891 0.062500 0.031250
1 0.259766 0.690430 0.023438 0.025391
1 0.292969 0.701172 0.023438 0.023438
1 0.254883 0.613281 0.013672 0.027344
1 0.193359 0.594727 0.023438 0.021484
1 0.186523 0.610352 0.056641 0.041016
1 0.548828 0.190430 0.039062 0.154297
1 0.587891 0.150391 0.027344 0.039062
1 0.776367 0.292969 0.021484 0.035156
1 0.605469 0.375000 0.062500 0.031250
1 0.741211 0.422852 0.029297 0.025391
1 0.691406 0.482422 0.097656 0.023438
1 0.150391 0.541992 0.050781 0.033203
1 0.318359 0.451172 0.066406 0.109375
1 0.358398 0.327148 0.037109 0.048828
1 0.358398 0.384766 0.009766 0.042969
1 0.406250 0.413086 0.027344 0.099609
1 0.444336 0.419922 0.048828 0.062500
1 0.307617 0.347656 0.033203 0.085938
1 0.322266 0.552734 0.070312 0.062500
1 0.501953 0.127930 0.058594 0.033203
