1 0.979492 0.277344 0.029297 0.042969
1 0.594727 0.340820 0.076172 0.083984
1 0.474609 0.275391 0.050781 0.078125
1 0.525391 0.285156 0.054688 0.023438
1 0.436523 0.347656 0.080078 0.066406
1 0.525391 0.351562 0.062500 0.027344
1 0.506836 0.545898 0.162109 0.330078
1 0.609375 0.501953 0.027344 0.062500
1 0.375977 0.223633 0.083984 0.033203
1 0.332031 0.247070 0.046875 0.044922
1 0.283203 0.291992 0.058594 0.052734
1 0.344727 0.323242 0.056641 0.076172
1 0.291016 0.346680 0.082031 0.041016
1 0.311523 0.401367 0.072266 0.083984
1 0.334961 0.480469 0.115234 0.039062
1 0.350586 0.541016 0.021484 0.089844
1 0.356445 0.400391 0.017578 0.035156
1 0.384766 0.422852 0.042969 0.025391
1 0.659180 0.347656 0.021484 0.039062
1 0.424805 0.518555 0.044922 0.029297
