1 0.217773 0.474609 0.130859 0.195312
1 0.317383 0.463867 0.029297 0.119141
1 0.350586 0.445312 0.025391 0.128906
1 0.390625 0.432617 0.027344 0.115234
1 0.452148 0.417969 0.060547 0.066406
1 0.485352 0.353516 0.029297 0.148438
1 0.533203 0.305664 0.042969 0.208984
1 0.622070 0.279297 0.080078 0.175781
1 0.687500 0.211914 0.097656 0.123047
1 0.693359 0.338867 0.101562 0.068359
1 0.766602 0.283203 0.033203 0.031250
1 0.568359 0.138672 0.046875 0.050781
1 0.392578 0.260742 0.121094 0.068359
1 0.463867 0.197266 0.111328 0.046875
1 0.509766 0.151367 0.074219 0.064453
1 0.635742 0.139648 0.064453 0.052734
1 0.533203 0.456055 0.085938 0.044922
1 0.608398 0.474609 0.080078 0.046875
1 0.705078 0.483398 0.074219 0.029297
1 0.619141 0.584961 0.152344 0.056641
1 0.584961 0.651367 0.091797 0.060547
1 0.508789 0.700195 0.083984 0.044922
1 0.392578 0.656250 0.109375 0.070312
1 0.463867 0.546875 0.107422 0.148438
1 0.529297 0.503906 0.039062 0.058594
1 0.350586 0.568359 0.111328 0.062500
1 0.187500 0.598633 0.035156 0.033203
1 0.260742 0.687500 0.017578 0.023438
1 0.291992 0.703125 0.013672 0.023438
1 0.253906 0.614258 0.015625 0.029297
1 0.239258 0.564453 0.017578 0.015625
1 0.313477 0.606445 0.013672 0.009766
1 0.322266 0.653320 0.039062 0.029297
1 0.614258 0.390625 0.083984 0.035156
