1 0.341797 0.206055 0.125000 0.087891
1 0.371094 0.327148 0.113281 0.142578
1 0.346680 0.520508 0.134766 0.091797
1 0.278320 0.533203 0.044922 0.082031
1 0.509766 0.664062 0.089844 0.117188
1 0.509766 0.576172 0.039062 0.035156
1 0.743164 0.382812 0.083984 0.164062
1 0.672852 0.435547 0.080078 0.179688
1 0.635742 0.500977 0.103516 0.099609
1 0.507812 0.129883 0.097656 0.205078
1 0.517578 0.017578 0.074219 0.031250
1 0.346680 0.145508 0.080078 0.044922
1 0.734375 0.478516 0.035156 0.027344
1 0.368164 0.457031 0.072266 0.035156
