1 0.475586 0.467773 0.212891 0.376953
1 0.317383 0.604492 0.123047 0.080078
1 0.345703 0.692383 0.089844 0.041016
1 0.552734 0.786133 0.167969 0.150391
1 0.258789 0.400391 0.123047 0.035156
1 0.508789 0.248047 0.099609 0.078125
1 0.614258 0.439453 0.060547 0.113281
1 0.916016 0.063477 0.167969 0.123047
1 0.333984 0.013672 0.070312 0.019531
1 0.223633 0.336914 0.021484 0.017578
1 0.280273 0.365234 0.017578 0.019531
1 0.410156 0.277344 0.023438 0.007812
1 0.274414 0.733398 0.025391 0.033203
1 0.399414 0.744141 0.095703 0.027344
1 0.398438 0.775391 0.042969 0.039062
1 0.460938 0.812500 0.039062 0.027344
1 0.538086 0.697266 0.068359 0.027344
1 0.291992 0.471680 0.048828 0.041016
1 0.356445 0.531250 0.033203 0.039062
1 0.597656 0.635742 0.011719 0.021484
1 0.673828 0.624023 0.019531 0.025391
1 0.651367 0.500977 0.021484 0.025391
