1 0.684570 0.337891 0.123047 0.066406
1 0.649414 0.177734 0.087891 0.078125
1 0.718750 0.240234 0.054688 0.078125
1 0.633789 0.247070 0.115234 0.060547
1 0.646484 0.302734 0.070312 0.035156
1 0.548828 0.402344 0.050781 0.050781
1 0.712891 0.478516 0.042969 0.023438
1 0.545898 0.454102 0.052734 0.041016
1 0.612305 0.479492 0.087891 0.048828
1 0.568359 0.537109 0.015625 0.113281
1 0.623047 0.596680 0.109375 0.048828
1 0.678711 0.564453 0.080078 0.027344
1 0.585938 0.652344 0.085938 0.050781
1 0.515625 0.699219 0.085938 0.054688
1 0.380859 0.657227 0.089844 0.056641
1 0.454102 0.676758 0.056641 0.041016
1 0.261719 0.691406 0.015625 0.019531
1 0.289062 0.706055 0.019531 0.021484
1 0.430664 0.713867 0.072266 0.021484
1 0.513672 0.620117 0.042969 0.037109
1 0.452148 0.537109 0.091797 0.152344
1 0.521484 0.493164 0.035156 0.037109
1 0.539062 0.556641 0.058594 0.046875
1 0.369141 0.546875 0.109375 0.074219
1 0.203125 0.493164 0.117188 0.126953
1 0.254883 0.397461 0.111328 0.072266
1 0.378906 0.277344 0.113281 0.054688
1 0.443359 0.227539 0.128906 0.048828
1 0.489258 0.180664 0.095703 0.052734
1 0.508789 0.137695 0.052734 0.025391
1 0.558594 0.141602 0.027344 0.025391
1 0.556641 0.211914 0.023438 0.115234
1 0.527344 0.318359 0.019531 0.199219
1 0.548828 0.322266 0.015625 0.042969
1 0.474609 0.276367 0.039062 0.048828
1 0.458008 0.413086 0.056641 0.087891
1 0.491211 0.377930 0.021484 0.115234
1 0.402344 0.423828 0.050781 0.039062
1 0.341797 0.474609 0.054688 0.070312
1 0.359375 0.411133 0.011719 0.083984
1 0.356445 0.332031 0.041016 0.035156
1 0.320312 0.649414 0.023438 0.041016
1 0.189453 0.590820 0.015625 0.017578
1 0.204102 0.615234 0.041016 0.031250
1 0.235352 0.567383 0.025391 0.013672
1 0.298828 0.553711 0.023438 0.025391
1 0.254883 0.615234 0.021484 0.023438
