1 0.334961 0.750977 0.083984 0.185547
1 0.408203 0.833008 0.082031 0.044922
1 0.342773 0.855469 0.025391 0.035156
1 0.328125 0.909180 0.082031 0.033203
1 0.391602 0.907227 0.013672 0.029297
1 0.389648 0.612305 0.033203 0.111328
1 0.439453 0.563477 0.062500 0.052734
1 0.478516 0.599609 0.039062 0.046875
1 0.503906 0.577148 0.019531 0.044922
1 0.441406 0.609375 0.027344 0.031250
1 0.486328 0.640625 0.023438 0.027344
1 0.466797 0.699219 0.019531 0.050781
1 0.494141 0.716797 0.019531 0.058594
1 0.447266 0.710938 0.019531 0.015625
