1 0.504883 0.341797 0.111328 0.105469
1 0.547852 0.265625 0.052734 0.039062
1 0.453125 0.442383 0.097656 0.076172
1 0.567383 0.727539 0.126953 0.083984
1 0.386719 0.680664 0.042969 0.037109
1 0.557617 0.614258 0.044922 0.029297
1 0.394531 0.514648 0.070312 0.060547
1 0.335938 0.483398 0.039062 0.044922
1 0.328125 0.435547 0.062500 0.015625
1 0.383789 0.396484 0.037109 0.015625
1 0.354492 0.252930 0.021484 0.025391
1 0.564453 0.211914 0.054688 0.033203
1 0.715820 0.313477 0.033203 0.044922
1 0.687500 0.416992 0.054688 0.052734
1 0.712891 0.451172 0.031250 0.027344
1 0.545898 0.476562 0.025391 0.031250
1 0.483398 0.651367 0.037109 0.064453
1 0.553711 0.136719 0.037109 0.066406
1 0.632812 0.317383 0.019531 0.048828
1 0.299805 0.276367 0.037109 0.017578
1 0.485352 0.552734 0.017578 0.019531
1 0.572266 0.517578 0.027344 0.015625
1 0.608398 0.453125 0.041016 0.015625
1 0.374023 0.226562 0.013672 0.019531
