1 0.663086 0.475586 0.099609 0.212891
1 0.591797 0.640625 0.082031 0.390625
1 0.657227 0.708008 0.044922 0.060547
1 0.541016 0.655273 0.035156 0.107422
1 0.450195 0.550781 0.072266 0.023438
1 0.427734 0.630859 0.039062 0.085938
1 0.468750 0.678711 0.074219 0.033203
1 0.431641 0.764648 0.042969 0.033203
1 0.454102 0.438477 0.060547 0.037109
1 0.516602 0.407227 0.048828 0.048828
1 0.544922 0.367188 0.035156 0.023438
1 0.465820 0.504883 0.037109 0.044922
1 0.390625 0.758789 0.019531 0.021484
1 0.471680 0.709961 0.013672 0.025391
1 0.521484 0.725586 0.042969 0.025391
1 0.523438 0.791992 0.015625 0.056641
1 0.512695 0.812500 0.044922 0.070312
1 0.430664 0.484375 0.029297 0.011719
1 0.498047 0.615234 0.019531 0.023438
1 0.492188 0.651367 0.019531 0.021484
1 0.610352 0.426758 0.025391 0.029297
