1 0.443359 0.140625 0.027344 0.039062
1 0.512695 0.181641 0.091797 0.085938
1 0.584961 0.252930 0.080078 0.099609
1 0.651367 0.276367 0.052734 0.052734
1 0.777344 0.460938 0.148438 0.199219
1 0.656250 0.467773 0.035156 0.107422
1 0.691406 0.474609 0.035156 0.125000
1 0.479492 0.313477 0.044922 0.205078
1 0.512695 0.367188 0.037109 0.140625
1 0.533203 0.269531 0.046875 0.050781
1 0.362305 0.207031 0.099609 0.128906
1 0.293945 0.244141 0.072266 0.050781
1 0.326172 0.328125 0.113281 0.070312
1 0.261719 0.326172 0.023438 0.035156
1 0.398438 0.311523 0.039062 0.037109
1 0.416992 0.470703 0.134766 0.039062
1 0.471680 0.441406 0.041016 0.039062
1 0.323242 0.481445 0.099609 0.041016
1 0.368164 0.588867 0.166016 0.091797
1 0.427734 0.657227 0.062500 0.052734
1 0.490234 0.618164 0.015625 0.048828
1 0.549805 0.520508 0.119141 0.130859
1 0.607422 0.666016 0.101562 0.039062
1 0.639648 0.627930 0.041016 0.029297
1 0.490234 0.696289 0.074219 0.044922
1 0.577148 0.715820 0.072266 0.017578
1 0.703125 0.702148 0.035156 0.017578
1 0.733398 0.684570 0.021484 0.025391
1 0.749023 0.614258 0.017578 0.017578
1 0.809570 0.587891 0.021484 0.019531
1 0.769531 0.568359 0.023438 0.019531
1 0.658203 0.556641 0.082031 0.058594
1 0.645508 0.330078 0.041016 0.050781
1 0.574219 0.377930 0.078125 0.150391
1 0.419922 0.390625 0.097656 0.054688
1 0.791992 0.621094 0.021484 0.019531
1 0.830078 0.608398 0.023438 0.017578
1 0.758789 0.662109 0.025391 0.027344
1 0.687500 0.646484 0.035156 0.039062
1 0.679688 0.599609 0.015625 0.015625
1 0.430664 0.515625 0.021484 0.062500
1 0.229492 0.291016 0.029297 0.027344
1 0.443359 0.210938 0.019531 0.089844
1 0.450195 0.314453 0.033203 0.050781
