1 0.375977 0.378906 0.220703 0.140625
1 0.450195 0.589844 0.115234 0.269531
1 0.542969 0.459961 0.093750 0.185547
1 0.550781 0.192383 0.125000 0.095703
1 0.521484 0.278320 0.066406 0.072266
1 0.401367 0.258789 0.072266 0.064453
1 0.428711 0.196289 0.037109 0.037109
1 0.291016 0.525391 0.039062 0.031250
1 0.356445 0.541016 0.080078 0.015625
1 0.376953 0.521484 0.027344 0.027344
1 0.262695 0.596680 0.111328 0.021484
1 0.539062 0.694336 0.046875 0.126953
1 0.495117 0.754883 0.052734 0.072266
1 0.597656 0.580078 0.046875 0.042969
1 0.630859 0.533203 0.023438 0.074219
1 0.633789 0.226562 0.037109 0.042969
1 0.581055 0.331055 0.033203 0.060547
1 0.940430 0.915039 0.119141 0.169922
1 0.208008 0.475586 0.029297 0.033203
