1 0.522461 0.311523 0.076172 0.048828
1 0.611328 0.383789 0.140625 0.115234
1 0.446289 0.465820 0.123047 0.150391
1 0.221680 0.535156 0.162109 0.195312
1 0.444336 0.765625 0.208984 0.214844
1 0.662109 0.783203 0.070312 0.132812
1 0.724609 0.749023 0.050781 0.048828
1 0.610352 0.789062 0.044922 0.156250
1 0.552734 0.802734 0.035156 0.156250
1 0.487305 0.587891 0.162109 0.093750
1 0.524414 0.666016 0.060547 0.062500
1 0.357422 0.452148 0.105469 0.052734
1 0.610352 0.516602 0.072266 0.052734
1 0.715820 0.524414 0.044922 0.033203
1 0.382812 0.344727 0.144531 0.048828
1 0.428711 0.287109 0.044922 0.019531
1 0.298828 0.300781 0.031250 0.019531
1 0.262695 0.312500 0.013672 0.023438
1 0.205078 0.376953 0.042969 0.023438
1 0.187500 0.402344 0.027344 0.023438
1 0.318359 0.411133 0.031250 0.044922
1 0.364258 0.377930 0.044922 0.025391
1 0.517578 0.372070 0.027344 0.037109
1 0.527344 0.429688 0.035156 0.027344
1 0.528320 0.484375 0.025391 0.042969
1 0.722656 0.666992 0.062500 0.087891
1 0.652344 0.660156 0.105469 0.066406
1 0.582031 0.610352 0.035156 0.064453
1 0.332031 0.534180 0.046875 0.091797
1 0.255859 0.381836 0.011719 0.025391
1 0.240234 0.337891 0.015625 0.027344
1 0.393555 0.583984 0.029297 0.058594
1 0.360352 0.605469 0.017578 0.031250
1 0.667969 0.514648 0.042969 0.025391
1 0.636719 0.607422 0.011719 0.023438
1 0.561523 0.854492 0.013672 0.052734
1 0.702148 0.432617 0.033203 0.044922
