1 0.495117 0.346680 0.076172 0.099609
1 0.367188 0.224609 0.015625 0.027344
1 0.357422 0.253906 0.031250 0.015625
1 0.377930 0.391602 0.029297 0.017578
1 0.335938 0.472656 0.019531 0.039062
1 0.446289 0.445312 0.076172 0.074219
1 0.549805 0.256836 0.044922 0.041016
1 0.544922 0.369141 0.027344 0.019531
1 0.685547 0.417969 0.027344 0.035156
1 0.589844 0.719727 0.050781 0.068359
1 0.541992 0.746094 0.056641 0.046875
1 0.557617 0.605469 0.013672 0.015625
1 0.390625 0.676758 0.027344 0.017578
1 0.541016 0.473633 0.015625 0.021484
1 0.309570 0.429688 0.021484 0.019531
1 0.347656 0.427734 0.023438 0.015625
1 0.540039 0.149414 0.013672 0.041016
