1 0.488281 0.327148 0.085938 0.080078
1 0.374023 0.481445 0.099609 0.056641
1 0.326172 0.539062 0.105469 0.082031
1 0.265625 0.621094 0.109375 0.148438
1 0.618164 0.641602 0.080078 0.107422
1 0.681641 0.762695 0.097656 0.115234
1 0.684570 0.484375 0.111328 0.085938
1 0.624023 0.509766 0.056641 0.070312
1 0.719727 0.446289 0.099609 0.044922
1 0.575195 0.642578 0.033203 0.070312
1 0.666016 0.679688 0.019531 0.039062
1 0.512695 0.385742 0.033203 0.025391
1 0.495117 0.431641 0.052734 0.027344
1 0.653320 0.824219 0.107422 0.109375
1 0.509766 0.806641 0.042969 0.031250
1 0.493164 0.883789 0.056641 0.037109
