1 0.494141 0.282227 0.097656 0.083984
1 0.593750 0.344727 0.097656 0.083984
1 0.485352 0.545898 0.142578 0.357422
1 0.578125 0.519531 0.050781 0.152344
1 0.360352 0.232422 0.087891 0.031250
1 0.302734 0.278320 0.054688 0.064453
1 0.316406 0.370117 0.082031 0.095703
1 0.353516 0.292969 0.058594 0.046875
1 0.331055 0.481445 0.107422 0.037109
1 0.391602 0.437500 0.056641 0.042969
1 0.351562 0.541016 0.027344 0.089844
1 0.392578 0.611328 0.035156 0.066406
1 0.250000 0.358398 0.042969 0.044922
1 0.490234 0.347656 0.117188 0.046875
