1 0.573242 0.490234 0.126953 0.117188
1 0.507812 0.563477 0.125000 0.091797
1 0.593750 0.590820 0.054688 0.041016
1 0.531250 0.639648 0.082031 0.041016
1 0.413086 0.588867 0.033203 0.029297
1 0.361328 0.565430 0.015625 0.017578
1 0.370117 0.632812 0.041016 0.062500
1 0.420898 0.674805 0.056641 0.041016
1 0.498047 0.668945 0.046875 0.021484
1 0.466797 0.627930 0.023438 0.025391
1 0.420898 0.629883 0.033203 0.021484
1 0.458984 0.455078 0.050781 0.054688
1 0.501953 0.462891 0.035156 0.039062
1 0.511719 0.501953 0.027344 0.019531
1 0.477539 0.516602 0.048828 0.025391
