1 0.561523 0.561523 0.064453 0.056641
1 0.606445 0.631836 0.044922 0.083984
1 0.596680 0.710938 0.033203 0.058594
1 0.647461 0.750977 0.056641 0.099609
1 0.698242 0.791992 0.052734 0.021484
1 0.695312 0.708984 0.042969 0.015625
1 0.711914 0.748047 0.013672 0.046875
1 0.607422 0.821289 0.089844 0.017578
1 0.677734 0.817383 0.027344 0.025391
1 0.655273 0.854492 0.017578 0.041016
1 0.675781 0.909180 0.070312 0.025391
1 0.601562 0.914062 0.019531 0.027344
1 0.592773 0.855469 0.052734 0.027344
1 0.505859 0.716797 0.031250 0.042969
1 0.514648 0.589844 0.044922 0.054688
1 0.509766 0.635742 0.031250 0.033203
1 0.491211 0.771484 0.037109 0.019531
1 0.500000 0.802734 0.027344 0.027344
