1 0.458984 0.266602 0.042969 0.037109
1 0.505859 0.341797 0.089844 0.101562
1 0.542969 0.434570 0.085938 0.091797
1 0.616211 0.387695 0.033203 0.025391
1 0.433594 0.736328 0.105469 0.089844
1 0.612305 0.673828 0.044922 0.031250
1 0.444336 0.609375 0.037109 0.035156
1 0.608398 0.517578 0.068359 0.046875
1 0.518555 0.545898 0.033203 0.025391
1 0.312500 0.425781 0.035156 0.031250
1 0.435547 0.214844 0.054688 0.027344
1 0.459961 0.151367 0.021484 0.044922
1 0.693359 0.429688 0.027344 0.031250
1 0.285156 0.322266 0.031250 0.019531
