1 0.666992 0.477539 0.083984 0.224609
1 0.622070 0.426758 0.060547 0.052734
1 0.597656 0.469727 0.046875 0.052734
1 0.596680 0.665039 0.056641 0.345703
1 0.654297 0.710938 0.054688 0.070312
1 0.545898 0.688477 0.064453 0.166016
1 0.563477 0.813477 0.025391 0.099609
1 0.447266 0.667969 0.121094 0.074219
1 0.416016 0.764648 0.105469 0.068359
1 0.469727 0.718750 0.052734 0.039062
1 0.444336 0.618164 0.033203 0.029297
1 0.455078 0.587891 0.050781 0.050781
1 0.439453 0.546875 0.085938 0.035156
1 0.453125 0.456055 0.050781 0.064453
1 0.504883 0.401367 0.041016 0.060547
1 0.554688 0.367188 0.070312 0.019531
1 0.551758 0.401367 0.033203 0.025391
1 0.519531 0.451172 0.050781 0.027344
1 0.501953 0.494141 0.058594 0.027344
1 0.479492 0.517578 0.044922 0.031250
1 0.404297 0.578125 0.031250 0.019531
1 0.521484 0.585938 0.031250 0.031250
1 0.502930 0.617188 0.033203 0.027344
