1 0.442383 0.263672 0.130859 0.070312
1 0.443359 0.380859 0.046875 0.066406
1 0.512695 0.452148 0.033203 0.025391
1 0.603516 0.481445 0.066406 0.068359
1 0.618164 0.316406 0.052734 0.035156
1 0.461914 0.525391 0.052734 0.039062
1 0.535156 0.541992 0.054688 0.068359
1 0.570312 0.562500 0.039062 0.027344
1 0.483398 0.660156 0.087891 0.093750
1 0.450195 0.736328 0.048828 0.046875
1 0.433594 0.785156 0.054688 0.031250
1 0.282227 0.541016 0.041016 0.023438
1 0.312500 0.577148 0.039062 0.044922
1 0.644531 0.740234 0.019531 0.023438
1 0.402344 0.546875 0.054688 0.023438
1 0.262695 0.513672 0.017578 0.027344
1 0.628906 0.768555 0.011719 0.025391
1 0.462891 0.850586 0.031250 0.037109
