1 0.678711 0.516602 0.068359 0.201172
1 0.584961 0.346680 0.076172 0.435547
1 0.649414 0.258789 0.052734 0.115234
1 0.635742 0.567383 0.033203 0.142578
1 0.497070 0.595703 0.083984 0.050781
1 0.557617 0.632812 0.072266 0.027344
1 0.453125 0.446289 0.066406 0.029297
1 0.458984 0.289062 0.109375 0.160156
1 0.390625 0.300781 0.023438 0.140625
1 0.432617 0.387695 0.064453 0.037109
1 0.512695 0.398438 0.048828 0.054688
1 0.481445 0.493164 0.064453 0.037109
1 0.452148 0.537109 0.072266 0.078125
1 0.573242 0.608398 0.060547 0.025391
1 0.535156 0.320312 0.042969 0.144531
1 0.534180 0.411133 0.068359 0.029297
1 0.541016 0.455078 0.035156 0.015625
1 0.405273 0.440430 0.048828 0.076172
