1 0.986328 0.719727 0.023438 0.048828
1 0.053711 0.963867 0.033203 0.025391
1 0.061523 0.923828 0.017578 0.011719
1 0.097656 0.971680 0.019531 0.029297
1 0.153320 0.960938 0.033203 0.035156
1 0.282227 0.713867 0.037109 0.033203
1 0.321289 0.753906 0.048828 0.039062
1 0.364258 0.775391 0.048828 0.050781
1 0.517578 0.485352 0.144531 0.412109
1 0.623047 0.656250 0.062500 0.078125
1 0.508789 0.717773 0.119141 0.044922
1 0.455078 0.752930 0.042969 0.037109
1 0.314453 0.666992 0.089844 0.072266
1 0.418945 0.360352 0.052734 0.087891
1 0.341797 0.522461 0.093750 0.041016
1 0.306641 0.596680 0.058594 0.064453
1 0.376953 0.579102 0.058594 0.017578
1 0.428711 0.468750 0.033203 0.085938
1 0.431641 0.619141 0.031250 0.066406
1 0.402344 0.656250 0.066406 0.039062
1 0.347656 0.471680 0.027344 0.107422
1 0.300781 0.457031 0.015625 0.015625
1 0.284180 0.474609 0.021484 0.015625
1 0.382812 0.379883 0.031250 0.029297
