1 0.687500 0.088867 0.058594 0.025391
1 0.654297 0.144531 0.039062 0.031250
1 0.609375 0.171875 0.093750 0.023438
1 0.675781 0.188477 0.039062 0.029297
1 0.652344 0.271484 0.070312 0.101562
1 0.605469 0.246094 0.042969 0.023438
1 0.590820 0.290039 0.033203 0.048828
1 0.611328 0.374023 0.035156 0.111328
1 0.578125 0.435547 0.058594 0.058594
1 0.519531 0.415039 0.062500 0.037109
1 0.541016 0.283203 0.015625 0.039062
1 0.521484 0.345703 0.027344 0.074219
1 0.511719 0.271484 0.042969 0.027344
1 0.484375 0.297852 0.046875 0.025391
1 0.719727 0.205078 0.017578 0.027344
1 0.442383 0.173828 0.017578 0.011719
1 0.500977 0.189453 0.017578 0.015625
1 0.485352 0.230469 0.037109 0.015625
1 0.431641 0.273438 0.015625 0.011719
1 0.386719 0.309570 0.011719 0.005859
