1 0.489258 0.277344 0.103516 0.023438
1 0.464844 0.244141 0.046875 0.027344
1 0.474609 0.303711 0.050781 0.021484
1 0.543945 0.307617 0.021484 0.033203
1 0.600586 0.345703 0.080078 0.078125
1 0.662109 0.343750 0.023438 0.050781
1 0.350586 0.231445 0.111328 0.025391
1 0.302734 0.267578 0.082031 0.050781
1 0.489258 0.395508 0.119141 0.029297
1 0.524414 0.453125 0.080078 0.070312
1 0.466797 0.457031 0.031250 0.039062
1 0.532227 0.519531 0.142578 0.070312
1 0.574219 0.466797 0.035156 0.046875
1 0.322266 0.329102 0.074219 0.052734
1 0.290039 0.368164 0.083984 0.029297
1 0.334961 0.481445 0.091797 0.029297
1 0.439453 0.560547 0.042969 0.093750
1 0.497070 0.629883 0.076172 0.138672
1 0.561523 0.585938 0.048828 0.050781
1 0.402344 0.613281 0.031250 0.039062
1 0.431641 0.660156 0.054688 0.054688
1 0.374023 0.419922 0.056641 0.027344
1 0.303711 0.413086 0.041016 0.060547
1 0.402344 0.344727 0.042969 0.044922
1 0.431641 0.314453 0.019531 0.054688
1 0.513672 0.353516 0.105469 0.035156
1 0.350586 0.519531 0.013672 0.046875
