1 0.522461 0.598633 0.142578 0.060547
1 0.609375 0.593750 0.027344 0.039062
1 0.601562 0.491211 0.074219 0.119141
1 0.542969 0.468750 0.070312 0.074219
1 0.507812 0.536133 0.113281 0.064453
1 0.446289 0.540039 0.025391 0.021484
1 0.433594 0.443359 0.015625 0.019531
1 0.466797 0.440430 0.046875 0.029297
1 0.467773 0.464844 0.021484 0.023438
1 0.505859 0.467773 0.035156 0.029297
1 0.365234 0.571289 0.023438 0.017578
1 0.366211 0.609375 0.017578 0.039062
1 0.392578 0.588867 0.011719 0.013672
1 0.416016 0.580078 0.019531 0.035156
1 0.441406 0.587891 0.031250 0.062500
1 0.442383 0.681641 0.025391 0.035156
1 0.370117 0.644531 0.021484 0.019531
1 0.527344 0.634766 0.023438 0.023438
1 0.494141 0.654297 0.050781 0.054688
1 0.412109 0.625000 0.031250 0.023438
