1 0.649414 0.161133 0.091797 0.064453
1 0.675781 0.230469 0.117188 0.070312
1 0.612305 0.258789 0.052734 0.107422
1 0.545898 0.166016 0.048828 0.085938
1 0.475586 0.189453 0.099609 0.109375
1 0.407227 0.238281 0.142578 0.105469
1 0.214844 0.440430 0.109375 0.119141
1 0.288086 0.401367 0.048828 0.025391
1 0.541992 0.334961 0.048828 0.166016
1 0.501953 0.356445 0.046875 0.119141
1 0.439453 0.328125 0.074219 0.062500
1 0.460938 0.405273 0.050781 0.095703
1 0.461914 0.519531 0.095703 0.117188
1 0.531250 0.446289 0.058594 0.052734
1 0.601562 0.476562 0.074219 0.062500
1 0.626953 0.583984 0.164062 0.074219
1 0.605469 0.660156 0.058594 0.050781
1 0.358398 0.507812 0.103516 0.132812
1 0.379883 0.655273 0.091797 0.060547
1 0.510742 0.690430 0.064453 0.033203
1 0.515625 0.625000 0.039062 0.039062
1 0.471680 0.592773 0.044922 0.033203
1 0.215820 0.523438 0.115234 0.042969
1 0.226562 0.564453 0.023438 0.023438
1 0.189453 0.587891 0.015625 0.019531
1 0.203125 0.619141 0.027344 0.023438
1 0.250000 0.613281 0.023438 0.023438
1 0.255859 0.687500 0.019531 0.015625
1 0.292969 0.702148 0.011719 0.017578
1 0.319336 0.649414 0.041016 0.048828
1 0.406250 0.414062 0.070312 0.042969
1 0.680664 0.338867 0.115234 0.056641
1 0.734375 0.303711 0.105469 0.025391
1 0.713867 0.478516 0.037109 0.027344
1 0.341797 0.424805 0.050781 0.029297
1 0.433594 0.709961 0.023438 0.013672
1 0.440430 0.667969 0.029297 0.023438
1 0.521484 0.504883 0.035156 0.041016
1 0.588867 0.140625 0.013672 0.019531
