1 0.460938 0.500977 0.175781 0.408203
1 0.519531 0.248047 0.101562 0.082031
1 0.574219 0.354492 0.058594 0.130859
1 0.620117 0.443359 0.068359 0.074219
1 0.566406 0.513672 0.042969 0.074219
1 0.594727 0.661133 0.041016 0.072266
1 0.541992 0.784180 0.142578 0.146484
1 0.629883 0.773438 0.033203 0.058594
1 0.391602 0.750000 0.095703 0.054688
1 0.437500 0.804688 0.035156 0.050781
1 0.471680 0.821289 0.017578 0.037109
1 0.270508 0.733398 0.021484 0.037109
1 0.311523 0.607422 0.119141 0.089844
1 0.291016 0.392578 0.042969 0.023438
1 0.206055 0.411133 0.052734 0.013672
1 0.251953 0.403320 0.035156 0.013672
1 0.286133 0.474609 0.056641 0.031250
1 0.317383 0.449219 0.068359 0.023438
1 0.331055 0.427734 0.021484 0.019531
1 0.333008 0.510742 0.029297 0.025391
1 0.352539 0.537109 0.017578 0.011719
1 0.428711 0.287109 0.064453 0.054688
1 0.343750 0.679688 0.062500 0.058594
1 0.279297 0.360352 0.023438 0.044922
