1 0.499023 0.486328 0.130859 0.472656
1 0.600586 0.340820 0.064453 0.087891
1 0.594727 0.527344 0.048828 0.191406
1 0.408203 0.638672 0.054688 0.085938
1 0.366211 0.225586 0.091797 0.025391
1 0.298828 0.271484 0.082031 0.062500
1 0.327148 0.341797 0.080078 0.113281
1 0.303711 0.425781 0.044922 0.042969
1 0.336914 0.482422 0.099609 0.039062
1 0.348633 0.545898 0.021484 0.087891
1 0.407227 0.341797 0.068359 0.050781
1 0.258789 0.360352 0.064453 0.033203
1 0.452148 0.237305 0.037109 0.025391
1 0.382812 0.418945 0.058594 0.044922
1 0.046875 0.042969 0.019531 0.031250
1 0.094727 0.029297 0.064453 0.039062
1 0.137695 0.033203 0.041016 0.046875
1 0.982422 0.274414 0.035156 0.044922
