1 0.531250 0.219727 0.183594 0.169922
1 0.731445 0.389648 0.091797 0.134766
1 0.791992 0.464844 0.083984 0.128906
1 0.850586 0.524414 0.060547 0.111328
1 0.856445 0.619141 0.044922 0.074219
1 0.808594 0.650391 0.105469 0.101562
1 0.753906 0.669922 0.074219 0.152344
1 0.686523 0.676758 0.076172 0.138672
1 0.646484 0.711914 0.031250 0.056641
1 0.708008 0.768555 0.029297 0.025391
1 0.583008 0.468750 0.095703 0.140625
1 0.666016 0.437500 0.050781 0.054688
1 0.692383 0.522461 0.123047 0.083984
1 0.523438 0.332031 0.101562 0.070312
1 0.366211 0.367188 0.080078 0.074219
1 0.340820 0.428711 0.037109 0.060547
1 0.312500 0.522461 0.046875 0.087891
1 0.472656 0.464844 0.148438 0.121094
1 0.400391 0.618164 0.066406 0.162109
1 0.525391 0.593750 0.039062 0.097656
1 0.523438 0.702148 0.027344 0.076172
1 0.472656 0.561523 0.078125 0.029297
1 0.390625 0.471680 0.042969 0.052734
1 0.375977 0.513672 0.056641 0.042969
1 0.304688 0.254883 0.019531 0.017578
1 0.297852 0.294922 0.017578 0.027344
1 0.378906 0.198242 0.035156 0.029297
1 0.411133 0.183594 0.029297 0.031250
1 0.367188 0.315430 0.082031 0.029297
1 0.320312 0.348633 0.027344 0.033203
1 0.290039 0.424805 0.044922 0.064453
1 0.458008 0.359375 0.044922 0.085938
1 0.423828 0.372070 0.027344 0.033203
1 0.582031 0.389648 0.101562 0.041016
1 0.438477 0.232422 0.025391 0.019531
1 0.379883 0.253906 0.017578 0.007812
1 0.612305 0.575195 0.060547 0.060547
1 0.675781 0.648438 0.078125 0.074219
1 0.667969 0.342773 0.046875 0.017578
1 0.668945 0.363281 0.041016 0.027344
1 0.641602 0.295898 0.033203 0.025391
1 0.613281 0.635742 0.035156 0.025391
1 0.575195 0.693359 0.017578 0.019531
1 0.571289 0.743164 0.025391 0.021484
1 0.416992 0.256836 0.013672 0.017578
1 0.336914 0.243164 0.041016 0.021484
1 0.321289 0.216797 0.021484 0.007812
1 0.779297 0.539062 0.031250 0.050781
1 0.817383 0.555664 0.048828 0.017578
1 0.492188 0.387695 0.015625 0.021484
