1 0.516602 0.344727 0.095703 0.099609
1 0.552734 0.262695 0.050781 0.048828
1 0.460938 0.429688 0.085938 0.101562
1 0.390625 0.516602 0.066406 0.033203
1 0.561523 0.733398 0.119141 0.076172
1 0.684570 0.417969 0.044922 0.039062
1 0.714844 0.447266 0.035156 0.031250
1 0.724609 0.320312 0.039062 0.035156
1 0.361328 0.245117 0.039062 0.048828
1 0.374023 0.390625 0.056641 0.023438
1 0.332031 0.422852 0.070312 0.025391
1 0.388672 0.679688 0.039062 0.035156
1 0.553711 0.613281 0.048828 0.035156
1 0.608398 0.452148 0.037109 0.013672
1 0.541992 0.479492 0.025391 0.017578
1 0.484375 0.546875 0.019531 0.015625
1 0.293945 0.278320 0.025391 0.009766
1 0.540039 0.149414 0.017578 0.033203
