1 0.510742 0.341797 0.087891 0.101562
1 0.546875 0.263672 0.066406 0.050781
1 0.564453 0.214844 0.062500 0.035156
1 0.379883 0.392578 0.037109 0.027344
1 0.462891 0.438477 0.113281 0.107422
1 0.339844 0.476562 0.042969 0.042969
1 0.397461 0.515625 0.083984 0.046875
1 0.693359 0.419922 0.050781 0.035156
1 0.576172 0.742188 0.136719 0.074219
1 0.382812 0.678711 0.066406 0.037109
1 0.350586 0.261719 0.041016 0.027344
1 0.372070 0.226562 0.025391 0.031250
1 0.541016 0.151367 0.042969 0.052734
1 0.337891 0.430664 0.074219 0.033203
1 0.729492 0.454102 0.056641 0.029297
1 0.612305 0.455078 0.068359 0.023438
1 0.289062 0.278320 0.054688 0.021484
1 0.384766 0.166992 0.015625 0.017578
1 0.488281 0.555664 0.050781 0.041016
1 0.555664 0.612305 0.041016 0.033203
1 0.713867 0.324219 0.033203 0.023438
1 0.632812 0.329102 0.019531 0.013672
