1 0.462891 0.439453 0.066406 0.023438
1 0.467773 0.465820 0.025391 0.025391
1 0.507812 0.472656 0.035156 0.019531
1 0.584961 0.484375 0.107422 0.125000
1 0.499023 0.543945 0.123047 0.064453
1 0.508789 0.504883 0.041016 0.021484
1 0.529297 0.597656 0.187500 0.058594
1 0.506836 0.640625 0.080078 0.027344
1 0.501953 0.666992 0.058594 0.021484
1 0.438477 0.677734 0.033203 0.035156
1 0.397461 0.586914 0.060547 0.048828
1 0.367188 0.582031 0.023438 0.019531
1 0.361328 0.613281 0.015625 0.023438
1 0.373047 0.650391 0.015625 0.019531
1 0.427734 0.628906 0.023438 0.023438
