1 0.733398 0.439453 0.107422 0.128906
1 0.610352 0.443359 0.029297 0.050781
1 0.265625 0.454102 0.035156 0.041016
1 0.343750 0.490234 0.093750 0.062500
1 0.360352 0.452148 0.029297 0.025391
1 0.416992 0.309570 0.044922 0.048828
1 0.450195 0.284180 0.033203 0.037109
1 0.431641 0.485352 0.027344 0.033203
1 0.445312 0.551758 0.058594 0.068359
1 0.512695 0.605469 0.037109 0.066406
1 0.479492 0.665039 0.044922 0.033203
1 0.392578 0.618164 0.023438 0.033203
1 0.256836 0.643555 0.033203 0.021484
1 0.213867 0.433594 0.029297 0.054688
1 0.673828 0.613281 0.031250 0.046875
1 0.631836 0.515625 0.017578 0.023438
1 0.554688 0.516602 0.031250 0.033203
1 0.321289 0.277344 0.029297 0.035156
1 0.427734 0.666992 0.039062 0.060547
1 0.473633 0.457031 0.025391 0.035156
1 0.152344 0.453125 0.050781 0.035156
