1 0.652344 0.426758 0.074219 0.130859
1 0.679688 0.542969 0.070312 0.097656
1 0.593750 0.631836 0.058594 0.400391
1 0.650391 0.714844 0.046875 0.070312
1 0.550781 0.638672 0.050781 0.167969
1 0.421875 0.649414 0.066406 0.091797
1 0.485352 0.670898 0.052734 0.076172
1 0.437500 0.743164 0.078125 0.068359
1 0.503906 0.731445 0.054688 0.029297
1 0.447266 0.791016 0.046875 0.023438
1 0.459961 0.491211 0.072266 0.169922
1 0.550781 0.393555 0.117188 0.048828
1 0.561523 0.362305 0.068359 0.013672
1 0.521484 0.499023 0.039062 0.033203
1 0.512695 0.442383 0.029297 0.029297
1 0.417969 0.520508 0.035156 0.021484
1 0.413086 0.559570 0.037109 0.021484
1 0.391602 0.742188 0.037109 0.078125
1 0.506836 0.588867 0.048828 0.021484
1 0.560547 0.842773 0.046875 0.029297
