1 0.501953 0.488281 0.101562 0.464844
1 0.593750 0.339844 0.078125 0.105469
1 0.577148 0.533203 0.048828 0.167969
1 0.428711 0.365234 0.041016 0.156250
1 0.412109 0.635742 0.078125 0.115234
1 0.434570 0.540039 0.037109 0.072266
1 0.337891 0.331055 0.070312 0.080078
1 0.369141 0.225586 0.062500 0.021484
1 0.324219 0.246094 0.058594 0.050781
1 0.282227 0.287109 0.044922 0.066406
1 0.288086 0.355469 0.056641 0.054688
1 0.307617 0.414062 0.048828 0.062500
1 0.303711 0.481445 0.068359 0.029297
1 0.361328 0.483398 0.042969 0.080078
1 0.343750 0.555664 0.023438 0.083984
1 0.369141 0.417969 0.054688 0.070312
1 0.432617 0.400391 0.044922 0.046875
1 0.659180 0.356445 0.025391 0.080078
1 0.300781 0.534180 0.035156 0.033203
