1 0.260742 0.393555 0.103516 0.044922
1 0.297852 0.482422 0.095703 0.089844
1 0.460938 0.577148 0.250000 0.587891
1 0.496094 0.247070 0.125000 0.064453
1 0.583008 0.425781 0.029297 0.214844
1 0.621094 0.435547 0.046875 0.101562
1 0.299805 0.611328 0.083984 0.117188
1 0.272461 0.734375 0.033203 0.050781
1 0.322266 0.684570 0.050781 0.041016
1 0.612305 0.787109 0.056641 0.078125
1 0.584961 0.659180 0.029297 0.060547
1 0.671875 0.624023 0.011719 0.017578
1 0.264648 0.333008 0.083984 0.060547
1 0.225586 0.454102 0.099609 0.037109
