1 0.580078 0.487305 0.113281 0.123047
1 0.497070 0.527344 0.087891 0.066406
1 0.460938 0.436523 0.089844 0.041016
1 0.473633 0.467773 0.052734 0.033203
1 0.531250 0.589844 0.179688 0.085938
1 0.548828 0.642578 0.027344 0.027344
1 0.506836 0.653320 0.056641 0.060547
1 0.439453 0.678711 0.035156 0.048828
1 0.366211 0.574219 0.021484 0.023438
1 0.367188 0.614258 0.039062 0.033203
1 0.375000 0.643555 0.027344 0.033203
1 0.404297 0.585938 0.050781 0.023438
1 0.408203 0.562500 0.015625 0.023438
1 0.413086 0.625000 0.044922 0.027344
1 0.413086 0.661133 0.025391 0.041016
