1 0.490234 0.390625 0.031250 0.062500
1 0.526367 0.341797 0.048828 0.042969
1 0.606445 0.481445 0.173828 0.103516
1 0.637695 0.542969 0.048828 0.046875
1 0.262695 0.567383 0.107422 0.138672
1 0.383789 0.554688 0.048828 0.046875
1 0.582031 0.689453 0.042969 0.042969
1 0.547852 0.713867 0.021484 0.025391
1 0.510742 0.739258 0.033203 0.025391
1 0.736328 0.544922 0.042969 0.058594
1 0.787109 0.566406 0.027344 0.050781
1 0.744141 0.353516 0.019531 0.015625
1 0.774414 0.372070 0.021484 0.017578
1 0.327148 0.383789 0.025391 0.044922
1 0.451172 0.488281 0.039062 0.031250
1 0.849609 0.541016 0.050781 0.027344
1 0.672852 0.723633 0.029297 0.037109
1 0.365234 0.483398 0.019531 0.021484
