1 0.341797 0.413086 0.066406 0.111328
1 0.345703 0.540039 0.015625 0.134766
1 0.290039 0.506836 0.048828 0.111328
1 0.254883 0.539062 0.037109 0.042969
1 0.430664 0.386719 0.052734 0.015625
1 0.547852 0.500000 0.318359 0.132812
1 0.586914 0.578125 0.048828 0.031250
1 0.662109 0.585938 0.054688 0.050781
1 0.541016 0.416016 0.144531 0.046875
1 0.244141 0.650391 0.066406 0.085938
1 0.278320 0.711914 0.044922 0.041016
1 0.318359 0.648438 0.066406 0.066406
1 0.347656 0.713867 0.039062 0.060547
1 0.397461 0.678711 0.041016 0.072266
1 0.430664 0.703125 0.013672 0.035156
1 0.477539 0.678711 0.037109 0.119141
1 0.546875 0.646484 0.113281 0.027344
1 0.352539 0.594727 0.037109 0.025391
1 0.037109 0.833008 0.035156 0.072266
1 0.025391 0.925781 0.035156 0.085938
1 0.265625 0.017578 0.042969 0.023438
1 0.345703 0.336914 0.042969 0.021484
1 0.423828 0.616211 0.023438 0.056641
