1 0.439453 0.361328 0.144531 0.089844
1 0.530273 0.320312 0.138672 0.046875
1 0.666992 0.412109 0.275391 0.101562
1 0.737305 0.344727 0.076172 0.052734
1 0.706055 0.562500 0.166016 0.140625
1 0.600586 0.501953 0.087891 0.078125
1 0.583984 0.550781 0.132812 0.078125
1 0.392578 0.484375 0.066406 0.085938
1 0.451172 0.545898 0.074219 0.080078
1 0.509766 0.529297 0.050781 0.035156
1 0.830078 0.422852 0.050781 0.068359
1 0.530273 0.410156 0.060547 0.062500
1 0.690430 0.353516 0.048828 0.039062
1 0.708984 0.481445 0.093750 0.037109
1 0.503906 0.474609 0.031250 0.015625
1 0.453125 0.473633 0.019531 0.037109
1 0.570312 0.600586 0.046875 0.029297
