1 0.670898 0.205078 0.150391 0.167969
1 0.523438 0.183594 0.113281 0.121094
1 0.405273 0.234375 0.126953 0.089844
1 0.528320 0.313477 0.033203 0.154297
1 0.552734 0.315430 0.011719 0.037109
1 0.428711 0.318359 0.099609 0.062500
1 0.494141 0.417969 0.128906 0.101562
1 0.597656 0.476562 0.089844 0.046875
1 0.689453 0.485352 0.097656 0.021484
1 0.613281 0.596680 0.140625 0.060547
1 0.507812 0.485352 0.039062 0.033203
1 0.455078 0.544922 0.093750 0.132812
1 0.382812 0.654297 0.082031 0.046875
1 0.448242 0.671875 0.037109 0.035156
1 0.516602 0.692383 0.056641 0.033203
1 0.587891 0.646484 0.062500 0.039062
1 0.520508 0.628906 0.029297 0.031250
1 0.387695 0.549805 0.060547 0.083984
1 0.339844 0.467773 0.039062 0.068359
1 0.256836 0.412109 0.091797 0.078125
1 0.208008 0.491211 0.091797 0.115234
1 0.186523 0.591797 0.021484 0.015625
1 0.206055 0.621094 0.021484 0.031250
1 0.318359 0.551758 0.062500 0.021484
1 0.327148 0.576172 0.037109 0.015625
1 0.264648 0.695312 0.025391 0.019531
1 0.292969 0.703125 0.019531 0.023438
1 0.320312 0.651367 0.035156 0.044922
1 0.335938 0.284180 0.031250 0.029297
1 0.684570 0.315430 0.150391 0.037109
1 0.677734 0.353516 0.113281 0.027344
1 0.770508 0.295898 0.033203 0.025391
1 0.395508 0.415039 0.025391 0.056641
1 0.531250 0.520508 0.027344 0.033203
1 0.570312 0.533203 0.015625 0.078125
1 0.707031 0.558594 0.015625 0.023438
1 0.255859 0.613281 0.019531 0.015625
1 0.355469 0.329102 0.042969 0.048828
