1 0.653320 0.177734 0.087891 0.093750
1 0.706055 0.233398 0.068359 0.064453
1 0.681641 0.318359 0.152344 0.085938
1 0.777344 0.290039 0.019531 0.037109
1 0.539062 0.262695 0.062500 0.298828
1 0.597656 0.198242 0.027344 0.134766
1 0.644531 0.318359 0.062500 0.089844
1 0.495117 0.183594 0.033203 0.105469
1 0.462891 0.216797 0.039062 0.109375
1 0.418945 0.253906 0.076172 0.085938
1 0.439453 0.197266 0.046875 0.031250
1 0.367188 0.274414 0.066406 0.044922
1 0.381836 0.245117 0.037109 0.029297
1 0.219727 0.464844 0.138672 0.152344
1 0.336914 0.467773 0.052734 0.107422
1 0.438477 0.533203 0.099609 0.144531
1 0.600586 0.590820 0.150391 0.060547
1 0.598633 0.652344 0.080078 0.042969
1 0.432617 0.668945 0.177734 0.072266
1 0.450195 0.711914 0.068359 0.013672
1 0.256836 0.690430 0.009766 0.017578
1 0.288086 0.704102 0.025391 0.013672
1 0.185547 0.583984 0.011719 0.023438
1 0.205078 0.622070 0.031250 0.029297
1 0.321289 0.558594 0.064453 0.042969
1 0.417969 0.326172 0.078125 0.050781
1 0.485352 0.332031 0.029297 0.062500
1 0.474609 0.395508 0.070312 0.072266
1 0.400391 0.420898 0.078125 0.068359
1 0.362305 0.328125 0.052734 0.050781
1 0.310547 0.344727 0.031250 0.072266
1 0.627930 0.385742 0.048828 0.029297
1 0.583008 0.460938 0.134766 0.054688
1 0.568359 0.518555 0.031250 0.048828
1 0.703125 0.477539 0.078125 0.033203
1 0.699219 0.550781 0.035156 0.054688
1 0.511719 0.560547 0.042969 0.082031
1 0.318359 0.603516 0.019531 0.023438
1 0.221680 0.551758 0.068359 0.013672
1 0.240234 0.566406 0.027344 0.023438
