1 0.772461 0.536133 0.130859 0.166016
1 0.560547 0.712891 0.234375 0.089844
1 0.518555 0.778320 0.181641 0.037109
1 0.470703 0.833984 0.183594 0.074219
1 0.333008 0.811523 0.115234 0.111328
1 0.307617 0.666016 0.142578 0.078125
1 0.389648 0.735352 0.076172 0.060547
1 0.483398 0.623047 0.072266 0.085938
1 0.542969 0.474609 0.187500 0.167969
1 0.489258 0.306641 0.064453 0.035156
1 0.596680 0.339844 0.162109 0.058594
1 0.409180 0.383789 0.087891 0.103516
1 0.335938 0.424805 0.078125 0.060547
1 0.300781 0.521484 0.070312 0.027344
1 0.407227 0.527344 0.103516 0.058594
1 0.432617 0.464844 0.021484 0.054688
1 0.584961 0.282227 0.068359 0.025391
1 0.703125 0.304688 0.023438 0.023438
1 0.741211 0.300781 0.013672 0.019531
1 0.756836 0.344727 0.013672 0.025391
1 0.747070 0.375977 0.021484 0.025391
1 0.798828 0.379883 0.023438 0.025391
1 0.830078 0.390625 0.019531 0.015625
1 0.808594 0.408203 0.015625 0.023438
1 0.768555 0.432617 0.029297 0.017578
1 0.664062 0.503906 0.050781 0.210938
1 0.233398 0.710938 0.037109 0.046875
1 0.339844 0.728516 0.023438 0.050781
1 0.429688 0.594727 0.058594 0.056641
1 0.579102 0.614258 0.087891 0.103516
1 0.760742 0.632812 0.033203 0.027344
1 0.855469 0.449219 0.035156 0.050781
1 0.253906 0.575195 0.031250 0.021484
1 0.489258 0.368164 0.052734 0.044922
