1 0.396484 0.160156 0.156250 0.085938
1 0.461914 0.315430 0.267578 0.224609
1 0.503906 0.465820 0.246094 0.130859
1 0.554688 0.625000 0.085938 0.097656
1 0.682617 0.351562 0.119141 0.097656
1 0.568359 0.736328 0.097656 0.031250
1 0.582031 0.121094 0.039062 0.074219
1 0.665039 0.158203 0.048828 0.066406
1 0.739258 0.216797 0.048828 0.125000
1 0.791016 0.200195 0.027344 0.056641
1 0.836914 0.250000 0.037109 0.093750
1 0.805664 0.270508 0.029297 0.017578
1 0.881836 0.140625 0.060547 0.027344
1 0.900391 0.201172 0.089844 0.042969
1 0.932617 0.270508 0.103516 0.060547
1 0.673828 0.074219 0.066406 0.019531
1 0.795898 0.091797 0.150391 0.027344
1 0.027344 0.245117 0.050781 0.091797
1 0.053711 0.338867 0.021484 0.044922
1 0.076172 0.077148 0.066406 0.080078
1 0.463867 0.552734 0.052734 0.031250
