1 0.486328 0.269531 0.335938 0.312500
1 0.515625 0.484375 0.218750 0.113281
1 0.548828 0.626953 0.144531 0.085938
1 0.572266 0.551758 0.062500 0.044922
1 0.689453 0.350586 0.113281 0.126953
1 0.266602 0.272461 0.005859 0.017578
1 0.306641 0.320312 0.062500 0.031250
1 0.563477 0.748047 0.095703 0.121094
1 0.509766 0.843750 0.019531 0.019531
1 0.579102 0.125000 0.041016 0.074219
1 0.668945 0.159180 0.041016 0.076172
1 0.746094 0.209961 0.078125 0.111328
1 0.826172 0.238281 0.050781 0.101562
1 0.896484 0.196289 0.097656 0.048828
1 0.928711 0.266602 0.119141 0.064453
1 0.025391 0.227539 0.042969 0.072266
1 0.046875 0.315430 0.023438 0.076172
