1 0.368164 0.481445 0.072266 0.130859
1 0.572266 0.497070 0.347656 0.287109
1 0.499023 0.343750 0.185547 0.035156
1 0.570312 0.672852 0.300781 0.080078
1 0.510742 0.738281 0.419922 0.058594
1 0.518555 0.787109 0.376953 0.042969
1 0.518555 0.818359 0.341797 0.019531
1 0.497070 0.878906 0.091797 0.101562
1 0.396484 0.834961 0.066406 0.025391
1 0.411133 0.874023 0.041016 0.033203
1 0.310547 0.676758 0.011719 0.017578
1 0.609375 0.842773 0.117188 0.029297
1 0.583984 0.875000 0.093750 0.050781
1 0.386719 0.586914 0.046875 0.056641
