1 0.500000 0.442383 0.195312 0.126953
1 0.468750 0.553711 0.117188 0.099609
1 0.515625 0.628906 0.105469 0.054688
1 0.563477 0.687500 0.103516 0.054688
1 0.447266 0.741211 0.023438 0.041016
1 0.419922 0.748047 0.023438 0.023438
1 0.481445 0.781250 0.029297 0.042969
1 0.497070 0.735352 0.029297 0.033203
1 0.538086 0.730469 0.033203 0.027344
1 0.543945 0.777344 0.029297 0.050781
1 0.592773 0.756836 0.056641 0.056641
1 0.629883 0.735352 0.013672 0.044922
1 0.649414 0.716797 0.013672 0.011719
1 0.651367 0.746094 0.017578 0.015625
1 0.571289 0.575195 0.099609 0.080078
1 0.377930 0.659180 0.029297 0.060547
1 0.395508 0.594727 0.033203 0.041016
1 0.379883 0.524414 0.037109 0.033203
1 0.358398 0.442383 0.025391 0.009766
1 0.493164 0.345703 0.083984 0.019531
1 0.506836 0.368164 0.044922 0.017578
1 0.528320 0.208008 0.072266 0.013672
1 0.528320 0.259766 0.037109 0.062500
1 0.621094 0.473633 0.042969 0.056641
