1 0.577148 0.570312 0.345703 0.160156
1 0.502930 0.421875 0.208984 0.136719
1 0.662109 0.428711 0.105469 0.130859
1 0.372070 0.472656 0.072266 0.089844
1 0.520508 0.344727 0.169922 0.025391
1 0.378906 0.572266 0.066406 0.101562
1 0.579102 0.683594 0.291016 0.066406
1 0.311523 0.676758 0.021484 0.025391
1 0.368164 0.708984 0.037109 0.078125
1 0.322266 0.740234 0.035156 0.062500
1 0.519531 0.786133 0.343750 0.056641
1 0.598633 0.738281 0.248047 0.035156
1 0.408203 0.724609 0.031250 0.046875
1 0.513672 0.830078 0.320312 0.035156
1 0.515625 0.885742 0.054688 0.080078
1 0.593750 0.861328 0.097656 0.027344
1 0.562500 0.894531 0.031250 0.039062
1 0.430664 0.887695 0.076172 0.052734
