1 0.402344 0.168945 0.175781 0.099609
1 0.409180 0.271484 0.162109 0.128906
1 0.451172 0.392578 0.132812 0.097656
1 0.327148 0.376953 0.025391 0.062500
1 0.506836 0.500000 0.220703 0.109375
1 0.537109 0.624023 0.148438 0.103516
1 0.591797 0.729492 0.046875 0.060547
1 0.508789 0.841797 0.009766 0.031250
1 0.539062 0.318359 0.097656 0.234375
1 0.627930 0.312500 0.076172 0.101562
1 0.668945 0.360352 0.060547 0.021484
1 0.694336 0.397461 0.087891 0.033203
1 0.714844 0.303711 0.074219 0.041016
1 0.663086 0.514648 0.083984 0.044922
