1 0.398438 0.191406 0.156250 0.148438
1 0.429688 0.331055 0.148438 0.138672
1 0.535156 0.239258 0.093750 0.107422
1 0.556641 0.367188 0.089844 0.140625
1 0.408203 0.453125 0.015625 0.027344
1 0.520508 0.479492 0.158203 0.115234
1 0.367188 0.530273 0.039062 0.037109
1 0.558594 0.652344 0.031250 0.058594
1 0.506836 0.514648 0.064453 0.033203
1 0.530273 0.572266 0.025391 0.039062
1 0.508789 0.614258 0.083984 0.029297
1 0.598633 0.578125 0.068359 0.066406
1 0.643555 0.318359 0.033203 0.019531
1 0.616211 0.321289 0.025391 0.025391
1 0.718750 0.311523 0.054688 0.029297
1 0.741211 0.366211 0.025391 0.025391
1 0.654297 0.445312 0.062500 0.035156
1 0.591797 0.734375 0.027344 0.031250
1 0.526367 0.741211 0.017578 0.021484
1 0.573242 0.796875 0.087891 0.039062
1 0.582031 0.117188 0.042969 0.062500
1 0.668945 0.161133 0.048828 0.064453
1 0.741211 0.224609 0.037109 0.097656
1 0.822266 0.230469 0.050781 0.105469
1 0.892578 0.195312 0.093750 0.046875
1 0.889648 0.143555 0.060547 0.029297
1 0.698242 0.077148 0.064453 0.021484
1 0.935547 0.277344 0.109375 0.074219
