1 0.186523 0.595703 0.130859 0.167969
1 0.325195 0.603516 0.142578 0.148438
1 0.314453 0.472656 0.261719 0.078125
1 0.345703 0.415039 0.179688 0.064453
1 0.332031 0.343750 0.117188 0.128906
1 0.342773 0.257812 0.080078 0.027344
1 0.495117 0.480469 0.095703 0.128906
1 0.335938 0.512695 0.140625 0.029297
1 0.444336 0.587891 0.080078 0.078125
1 0.526367 0.624023 0.076172 0.029297
1 0.616211 0.440430 0.142578 0.060547
1 0.616211 0.498047 0.064453 0.054688
1 0.727539 0.413086 0.037109 0.029297
1 0.766602 0.385742 0.044922 0.017578
1 0.793945 0.429688 0.029297 0.031250
1 0.753906 0.472656 0.074219 0.023438
1 0.843750 0.489258 0.023438 0.017578
