1 0.613281 0.510742 0.367188 0.134766
1 0.628906 0.598633 0.171875 0.044922
1 0.641602 0.691406 0.181641 0.144531
1 0.768555 0.664062 0.013672 0.023438
1 0.745117 0.701172 0.005859 0.019531
1 0.824219 0.625000 0.007812 0.011719
1 0.379883 0.572266 0.123047 0.082031
1 0.238281 0.585938 0.074219 0.027344
1 0.257812 0.524414 0.074219 0.025391
1 0.154297 0.506836 0.015625 0.013672
1 0.468750 0.375977 0.082031 0.025391
1 0.549805 0.409180 0.037109 0.017578
1 0.705078 0.413086 0.343750 0.048828
1 0.745117 0.449219 0.263672 0.078125
1 0.594727 0.442383 0.044922 0.013672
1 0.733398 0.353516 0.275391 0.066406
1 0.680664 0.288086 0.025391 0.021484
1 0.742188 0.311523 0.007812 0.025391
1 0.768555 0.277344 0.009766 0.015625
1 0.812500 0.315430 0.011719 0.021484
