1 0.529297 0.480469 0.250000 0.269531
1 0.386719 0.568359 0.046875 0.066406
1 0.366211 0.488281 0.072266 0.085938
1 0.697266 0.517578 0.089844 0.164062
1 0.550781 0.658203 0.265625 0.085938
1 0.537109 0.814453 0.070312 0.222656
1 0.625000 0.775391 0.097656 0.136719
1 0.609375 0.859375 0.085938 0.035156
1 0.689453 0.754883 0.019531 0.123047
1 0.692383 0.658203 0.021484 0.093750
1 0.717773 0.728516 0.009766 0.058594
1 0.700195 0.730469 0.025391 0.039062
1 0.403320 0.761719 0.189453 0.089844
1 0.428711 0.836914 0.138672 0.056641
1 0.447266 0.897461 0.113281 0.064453
1 0.362305 0.688477 0.025391 0.033203
1 0.308594 0.681641 0.019531 0.027344
1 0.372070 0.423828 0.033203 0.039062
1 0.680664 0.757812 0.052734 0.109375
