1 0.503906 0.474609 0.062500 0.207031
1 0.433594 0.471680 0.097656 0.091797
1 0.465820 0.415039 0.044922 0.029297
1 0.428711 0.553711 0.060547 0.021484
1 0.429688 0.591797 0.070312 0.054688
1 0.551758 0.697266 0.166016 0.187500
1 0.493164 0.793945 0.013672 0.009766
1 0.650391 0.715820 0.027344 0.013672
1 0.651367 0.745117 0.017578 0.013672
1 0.416016 0.746094 0.015625 0.015625
1 0.442383 0.740234 0.017578 0.042969
1 0.451172 0.673828 0.019531 0.042969
1 0.377930 0.642578 0.029297 0.023438
1 0.379883 0.681641 0.009766 0.039062
1 0.573242 0.442383 0.068359 0.083984
1 0.637695 0.494141 0.048828 0.078125
1 0.582031 0.339844 0.082031 0.050781
1 0.496094 0.340820 0.078125 0.017578
1 0.526367 0.206055 0.076172 0.013672
1 0.535156 0.245117 0.031250 0.056641
1 0.733398 0.405273 0.056641 0.017578
