1 0.415039 0.187500 0.134766 0.140625
1 0.333008 0.177734 0.044922 0.046875
1 0.321289 0.250977 0.037109 0.041016
1 0.537109 0.314453 0.097656 0.226562
1 0.625000 0.320312 0.074219 0.062500
1 0.717773 0.337891 0.091797 0.140625
1 0.517578 0.490234 0.167969 0.117188
1 0.572266 0.608398 0.074219 0.150391
1 0.500977 0.613281 0.068359 0.046875
1 0.542969 0.719727 0.031250 0.064453
1 0.591797 0.732422 0.039062 0.046875
1 0.415039 0.335938 0.162109 0.156250
1 0.295898 0.318359 0.056641 0.046875
1 0.583984 0.125000 0.042969 0.074219
1 0.666992 0.164062 0.060547 0.074219
1 0.739258 0.208008 0.048828 0.107422
1 0.828125 0.243164 0.054688 0.111328
1 0.899414 0.199219 0.091797 0.050781
1 0.928711 0.268555 0.115234 0.076172
1 0.879883 0.138672 0.123047 0.046875
1 0.740234 0.088867 0.269531 0.025391
1 0.029297 0.228516 0.054688 0.089844
1 0.053711 0.324219 0.029297 0.082031
