1 0.375977 0.361328 0.146484 0.339844
1 0.286133 0.458008 0.052734 0.126953
1 0.294922 0.322266 0.035156 0.140625
1 0.298828 0.209961 0.011719 0.017578
1 0.406250 0.168945 0.191406 0.052734
1 0.445312 0.126953 0.125000 0.027344
1 0.500000 0.096680 0.109375 0.060547
1 0.556641 0.192383 0.117188 0.119141
1 0.632812 0.221680 0.031250 0.099609
1 0.595703 0.125977 0.019531 0.021484
1 0.659180 0.217773 0.017578 0.041016
1 0.681641 0.251953 0.023438 0.042969
1 0.472656 0.424805 0.039062 0.470703
1 0.384766 0.538086 0.140625 0.037109
1 0.398438 0.584961 0.125000 0.068359
1 0.408203 0.641602 0.101562 0.052734
1 0.508789 0.423828 0.025391 0.277344
1 0.547852 0.611328 0.087891 0.097656
1 0.565430 0.514648 0.091797 0.099609
1 0.541992 0.390625 0.041016 0.164062
1 0.576172 0.404297 0.027344 0.113281
1 0.615234 0.429688 0.046875 0.062500
1 0.648438 0.473633 0.019531 0.025391
1 0.636719 0.511719 0.062500 0.050781
1 0.627930 0.577148 0.013672 0.037109
1 0.647461 0.548828 0.021484 0.035156
1 0.583984 0.289062 0.039062 0.019531
1 0.632812 0.311523 0.027344 0.041016
1 0.659180 0.302734 0.005859 0.007812
1 0.688477 0.320312 0.025391 0.031250
