1 0.447266 0.509766 0.140625 0.097656
1 0.468750 0.589844 0.093750 0.082031
1 0.560547 0.519531 0.085938 0.109375
1 0.586914 0.591797 0.076172 0.039062
1 0.633789 0.498047 0.064453 0.097656
1 0.721680 0.427734 0.142578 0.074219
1 0.760742 0.369141 0.060547 0.058594
1 0.712891 0.551758 0.089844 0.029297
1 0.754883 0.505859 0.091797 0.050781
1 0.686523 0.478516 0.087891 0.046875
1 0.211914 0.477539 0.037109 0.087891
1 0.163086 0.458984 0.013672 0.046875
1 0.438477 0.427734 0.076172 0.082031
1 0.407227 0.248047 0.017578 0.023438
1 0.576172 0.414062 0.070312 0.085938
1 0.295898 0.508789 0.037109 0.103516
1 0.371094 0.497070 0.019531 0.029297
