1 0.195312 0.239258 0.105469 0.146484
1 0.343750 0.445312 0.160156 0.281250
1 0.457031 0.460938 0.054688 0.253906
1 0.404297 0.621094 0.062500 0.085938
1 0.524414 0.575195 0.068359 0.181641
1 0.448242 0.701172 0.072266 0.035156
1 0.589844 0.443359 0.046875 0.187500
1 0.564453 0.553711 0.027344 0.052734
1 0.514648 0.385742 0.021484 0.025391
1 0.530273 0.429688 0.033203 0.023438
1 0.765625 0.492188 0.156250 0.203125
1 0.232422 0.907227 0.164062 0.185547
1 0.083008 0.676758 0.076172 0.115234
1 0.153320 0.586914 0.029297 0.123047
