1 0.245117 0.515625 0.169922 0.203125
1 0.044922 0.503906 0.085938 0.117188
1 0.409180 0.588867 0.060547 0.259766
1 0.472656 0.421875 0.078125 0.167969
1 0.466797 0.522461 0.089844 0.048828
1 0.543945 0.297852 0.060547 0.021484
1 0.567383 0.439453 0.052734 0.214844
1 0.528320 0.577148 0.037109 0.220703
1 0.438477 0.745117 0.068359 0.037109
1 0.496094 0.749023 0.023438 0.025391
1 0.657227 0.497070 0.130859 0.173828
1 0.653320 0.651367 0.068359 0.064453
1 0.699219 0.632812 0.019531 0.050781
1 0.786133 0.096680 0.193359 0.162109
1 0.785156 0.757812 0.062500 0.140625
1 0.841797 0.437500 0.031250 0.058594
1 0.781250 0.512695 0.054688 0.021484
1 0.914062 0.336914 0.023438 0.037109
1 0.939453 0.366211 0.070312 0.021484
1 0.981445 0.422852 0.017578 0.056641
1 0.842773 0.375000 0.021484 0.066406
1 0.928711 0.648438 0.041016 0.066406
1 0.972656 0.603516 0.019531 0.046875
