1 0.509766 0.244141 0.218750 0.156250
1 0.561523 0.436523 0.478516 0.103516
1 0.512695 0.532227 0.380859 0.048828
1 0.456055 0.587891 0.279297 0.058594
1 0.499023 0.670898 0.166016 0.095703
1 0.652344 0.670898 0.078125 0.095703
1 0.089844 0.780273 0.175781 0.177734
1 0.753906 0.790039 0.140625 0.083984
1 0.416016 0.843750 0.121094 0.031250
1 0.511719 0.780273 0.015625 0.064453
1 0.562500 0.753906 0.074219 0.011719
1 0.552734 0.799805 0.039062 0.048828
1 0.595703 0.773438 0.027344 0.015625
1 0.451172 0.500977 0.148438 0.029297
1 0.747070 0.505859 0.025391 0.042969
