1 0.350586 0.504883 0.150391 0.189453
1 0.325195 0.644531 0.095703 0.066406
1 0.208984 0.754883 0.062500 0.138672
1 0.439453 0.438477 0.089844 0.216797
1 0.470703 0.611328 0.042969 0.117188
1 0.533203 0.394531 0.085938 0.148438
1 0.557617 0.511719 0.134766 0.109375
1 0.583984 0.625000 0.058594 0.113281
1 0.559570 0.736328 0.068359 0.050781
1 0.757812 0.512695 0.167969 0.205078
1 0.224609 0.093750 0.179688 0.183594
1 0.094727 0.316406 0.041016 0.089844
1 0.152344 0.406250 0.031250 0.128906
1 0.216797 0.514648 0.058594 0.029297
1 0.030273 0.602539 0.017578 0.033203
1 0.077148 0.653320 0.044922 0.048828
1 0.495117 0.744141 0.048828 0.035156
1 0.956055 0.500000 0.087891 0.109375
