1 0.231445 0.486328 0.060547 0.035156
1 0.288086 0.541992 0.169922 0.017578
1 0.319336 0.515625 0.169922 0.039062
1 0.359375 0.483398 0.054688 0.041016
1 0.427734 0.458008 0.109375 0.130859
1 0.510742 0.443359 0.072266 0.171875
1 0.585938 0.476562 0.078125 0.117188
1 0.247070 0.586914 0.076172 0.068359
1 0.266602 0.641602 0.068359 0.033203
1 0.325195 0.579102 0.080078 0.068359
1 0.422852 0.579102 0.072266 0.044922
1 0.441406 0.538086 0.046875 0.025391
1 0.544922 0.566406 0.101562 0.066406
1 0.507812 0.632812 0.054688 0.039062
1 0.656250 0.578125 0.046875 0.078125
1 0.525391 0.729492 0.011719 0.013672
1 0.595703 0.741211 0.019531 0.037109
1 0.786133 0.541992 0.037109 0.044922
1 0.732422 0.526367 0.062500 0.044922
1 0.654297 0.490234 0.023438 0.082031
