1 0.488281 0.563477 0.199219 0.111328
1 0.459961 0.464844 0.138672 0.085938
1 0.569336 0.428711 0.076172 0.064453
1 0.460938 0.392578 0.156250 0.085938
1 0.489258 0.226562 0.037109 0.046875
1 0.450195 0.259766 0.021484 0.042969
1 0.447266 0.321289 0.027344 0.044922
1 0.500977 0.380859 0.052734 0.066406
1 0.532227 0.322266 0.044922 0.093750
1 0.583984 0.330078 0.058594 0.046875
1 0.543945 0.248047 0.029297 0.097656
1 0.623047 0.243164 0.070312 0.056641
1 0.574219 0.265625 0.035156 0.031250
1 0.373047 0.495117 0.035156 0.076172
1 0.500000 0.708008 0.082031 0.041016
1 0.495117 0.659180 0.083984 0.029297
