1 0.259766 0.095703 0.132812 0.187500
1 0.758789 0.512695 0.169922 0.212891
1 0.954102 0.502930 0.087891 0.123047
1 0.514648 0.419922 0.080078 0.148438
1 0.582031 0.560547 0.062500 0.257812
1 0.549805 0.727539 0.080078 0.044922
1 0.353516 0.504883 0.113281 0.173828
1 0.291016 0.480469 0.023438 0.058594
1 0.206055 0.750000 0.072266 0.132812
1 0.327148 0.660156 0.041016 0.058594
1 0.362305 0.627930 0.021484 0.029297
1 0.433594 0.440430 0.074219 0.185547
1 0.456055 0.607422 0.083984 0.167969
1 0.083984 0.314453 0.027344 0.078125
